21 33 42 114 34 129 19 39 44 16 3 25 7 104 83 32 32 27 32 32 109 109 24 69
37 41 63 16 147 126 17 96 13 25 4 84
38 23 68 25 42 49 54 28 154 147 126 136 96 115 25 4 109 48 32 83 31 83 32 31 27 27 31 27 83 31 38 136 10 32 83 32 32 31 31 32 31 32 109 32 83 83 45 20 18 12 4 22 28 147 59 9 105 111 69 6
2 45 40 28 10 147 126 60 35 99 3 17 68 21 46
82 60 18 34 18 60 37 37 33 84 147 22 114 35 41 147 13 3 99
39 44 16 154 3 91 36 89 109
38 23 68 60 21 33 25 37 34 18 12 4 39 28 19 9 111 69 6 48
2 109 13 40 154 136 62 18 53 46 25 7 10 10 31 2 83 31 27 27 31 31 31 31 31 27 2 82 32 31 38 117 18 12 4 22 28 19 132 39 28 117 16 7
142 49 54 105 12 4 6 13 41 0 83 83 27 2 83 83 32 27 83 32 32 31 109 83 147 126 104 31 31 38 23 18 12 42 21 52
18 12 4 22 28 82 132 39 44 16 19 6 48
23 5 14 13 59 10 49 6
45 34 35 136 142 40 96 84 59 10 49 84 105 12 19
9 136 2 45 129 115 43 10 2 45 29 4 8 69
82 13 43 94 20 85 42 29 49 14
13 60 96 54 33 105 12 37 25 2
32 38 23 18 12 4 147 126 105 15 37 54 102 14 13 34 59 10 22 5 115 60 69 91
94 114 25 59 33 150 14 84 82 35 41 0
82 6 84 59 10 5 115 53 105 136 35 8 89 14 84 2 32 32 45 30
83 24 33 14 13 60 91 36 14 109 82 2 2 32 31 83 83 45 37 94 30 66
13 107 28 142 38 25 21 33 66
109 22 47 37 129 42 20 111 53 20 59 29 154
38 23 18 25 37 102 84 22 33 42 34 68 63 16 62 35 41 0 83 31 27 31 27 27 83 1 27 31 27 83 32 31 32 154 23 7 32 45 3 16 10
82 40 68 59 136 35 41 46 48
38 99 63 25 69 84 59 10
82 84 33 68 26 111 63
37 43 3 111 69 126 17 41 0 142 114 18 12 4 39 28 19 132 39 44 44 16 19
147 6 13 66 47 53 37 53 4 3 17 69 126 47 150 39 34 7
107 24 37 29 94 9 21 34 96 84 22 37 37 102 14
54 40 54 3 12 4 22 59
2 37 30 114 18 53 4
22 150 19 10 9 105 111 69 6 37 30 94
10 9 26 66 29 82
2 37 25 37 43 17 10 6 9 62 102 54 37 85 63 17 6 13 59 10 22 40 84 126 68 60 104
45 49 54 37 40 10 9 91 29 7
38 25 54 37 34 37 43 60 107 69 9 105 99 63 8 85 109 48 31 147 104 27 31 31 27 38 104 31 31 31 31 31 31 31 31 31 27 38 136 10 117 30 19 83 83 147 104 83 83 27 27 31 31 27 31 31 147 104 31 27 27 32 38 104 31 38 23 7 42 34 37 53 4 46 19 22 1 147 151 104 45 59 154 8 63
82 22 16 42 49 54 53 18 60 63 8 63
39 37 33 19 39 23 54 40 14
38 23 54 8 37 53 42 7 28 19 39 40 37 30 66 7
45 60 107 111 15 37 47 85 147 114
27 45 17 41 21 102 84 43 3 91 36 4 109 48 2 82 2 82 2 82 9 41 24 46 154 23 89 37 30 66
13 34 16 19 9 21 29 7 31 32 27 45 37 30 66
82 13 43 91 3 17 37 16 25 43 41 37 114 13 43 17 114
9 17 37 43 99 91 36 44 16 3 12 36 142 28 19 48 22 8 37 147 60 3 17 10 9 17 3 16 37 34 7 147
45 68 43 16 69 22 66 150 39 34 35 136 37 40 40 37 24 126 147 104 154 27 27 27 38 151 104 27 27 27 32 32 27 147 13 43 17 8 42 102 54 154 53 4 151 19 22 21 42
129 49 115 43 41 41 21 33 84 9 59 69 69 22 40 96 94 28 19 39 114 37 8 19 22 21 85 25 142 8 17 91 59 60 63 8 96 142 30 66 129 32 32 2 32 2 82 38 23 38 53 35 29 4 6
32 147 126 53 54 37 86 7
27 45 68 53 42 114 54 19 84 43 16 19 48
82 30 66 69
23 89 13 43 111 62 46
114 42 49 54 40 37 60 107 9 105 99 63 85 69 147
68 53 42 34 19 39 40 142 43 37 86 47 48 83 31 27 27 27 27 27 27 38 126 91 23 89 14 48 19 48 32 45 30 66 20 59 33 26
32 38 147 91 36 54 28 147 126 62 6 13 91 34 7
9 99 82 54 30 53 85 43 17 37 40 19 84 126 21 33 47 7
45 129 84 19 22 16 37 25 12 4 22 59 6 13 104
142 102 54 49 84 147 126 66 18 25
45 8 68 43 3 8 69 126 23 89 42 129
45 3 111 85 34 42 85 89 115 20 59 52 104 19 6 84 35 41 62 21 34 96 115 34 59 136 104 32 83 38 23 33 19 126 114 89 42 129 54 44 59 0 2 27 2 2 32 2 2 27 27 31 27 27 31 45 2 31 147 48 48 32 38 23 12 36 142 86 19 126 26 22 43 105 29 109 54 42 30 83
10 9 105 111 69 6 22 21 33 34 96 19
5 6 22 59 10 22 5 14 48 82
45 91 36 42 44 21 46 89 49
96 154 40 35 105 17 41 41 10 21 8 42 25 18 107 41 6 84 59 10 147 6 48 2 27 31 31 2 27 31 31 27 27 2 27 31 83 83 109 69 48 32 83 83 83 104 31 31 31 27 27 45 30 30 117 94 52 117 109 83 83 31 31 31 27 27 32 38 99 10 83 109 10 9 105 111 69 6
38 9 99 3 62 115 34 42 86 42
37 42 28 9 136 63 8 42 25 4 22 114 68 114 150 39 34 37 7 2 45
45 25 49 54 68 43 62 142 34 96 14 48 32
82 43 69 22 21 35 41 0
17 37 34 94 44 21 63 34 4 13
38 126 28 54 68 43 16 19 22 34 96 6 48
22 59 10 142 21 63 41 4
38 91 36 84 147 22 21 25 35 129 30 5 109
45 40 45 68 43 136 24 18 25 10
9 86 96 115 43 10 34 7 38 25 4 48 24 32 27
45 40 115 117 23 6 22 44 154 49 115 26 36 117 21 68 34 109 14 48 27 31 32 31 32 83 31 83 32 104 38 12 36 142 117 47 47 52 66 142 0 2 27 2 31 31 31 31 27 27 31 27 27 27 27 27 27 27 27 31 31 27 6 13 52 104
45 86 37 19 43 21 150 39 34 96 10 9 41 24 1
45 42 49 14 84 9 105 111 69 6 48
35 91 36 4 22 40 154 126 20 15 47 19 84 9 24 5 6
45 16 21 33 49 54 109 34 68 68 66 46 1 10 9 105 111 0 104 45 129 14 48 154 16 21 23 7
53 20 59 62 115 114 19 39 40 5 6 13 47
45 21 43 69 82 8 115 23 89 6
82 37 8 35 17 3 99 6 22 40 142 86 30 20 136 37 46 66 46 1 27 27 27 27 27 27 2 38 23 30 49 14 54 47
66 59 37 105 53 4 48 27 45 12 42 2
23 7 43 136 39 21 33 154 126 26 36 96 6 48
45 28 42 40 10 126 8 5 84 4 126 29 102 14
45 68 43 62 126 115 49 14 48 40 37 25 4 142 114 37 44 68 62 35 41 0
45 16 42 49 14 13 59 10 22 5 14 48 27 27 27 27 38 41 68 25 142 23 20 21 33 30
49 84 38 151 59 17 69 22 16 37 40 35 17 3 99 69 6 13 40 42 28 154 25 4 22 59 136 37 142 30 66 46 1
38 23 49 14 13 43 62 33 94 44 3 99 96 19 22 34 68 60 62 68 60 3 99 69 22 129 154 32
38 8 35 60 96 43 37 46 46 86 102 54 86 96 19 22 43 96 94 43 10 69 39 44 16 37 33 19 82 42 129 42 34 5 84 48 45 5 6 13 53 4 126 114 89
45 147 126 136 21 33 96 10 22 16 42 49 84 37 12 4 23 63 136 2
45 20 21 37 129 39 129 19 22 91 5 115 66
82 37 25 59 33 14 13 34 96 9 136 38
82 26 21 25 42 59 1
45 86 10 94 44 16 3 62 69 22 66 86 19 109 48 31 27 27 27 27 27 45 37 49 14
45 21 12 4 22 23 35 17 68 12 96
82 14 13 17 8 18 25 4 22 34 63 62 35 41 10 69 126 16 21 25 4 82 2 2 21 12 4 22 29 117 17 0
27 45 102 84 147 8 43 154 8 96 42 47 19 22 34 34 154 22 16 42 43 35 136 3 99 69 6 22 40 142 28 38 25 4 22 40 2
45 68 26 22 86 47 62 10 9 52 53 4 109 48 27 2 2 27 27 27 45 21 12 42 1
23 7 147 136 12 40 19 13 43 62 33 82 54 20 59
38 34 89 14 13 43 24 68 60 136 0
42 40 10 9 105 111 69 6 48 83 27 142 40 142 28 117 142 28 154
47 20 10 9 3 111 69 115 49 54 44 59 136 0 104
38 151 85 150 54 86 53 63 8 18 49 14 13 28 19 132 9 129 42 28 42 126 21 33 14 22 23 42 49 115 40 10 104 147 126 24 5 6 48
45 40 45 129 154 53 91 3 5 115 66 7
38 20 12 94 19 28 147 126 62 6 13 26 15 63 17 6 28 19
45 68 26 62 69 22 47 43 16 42 30 14 48 2 27 27 2 2 45 21 46 4
0 142 89 37 53 4 132 19 22 43 21 5 6 48 27
38 25 115 34 18 12 4 22 28 19 132 39 47 16
84 22 5 68 26 111 52 69 104 27 27 83 83 45 30 7 27 31 31 27 45 117 18 12 4 22 28 154 83 2 27 32 32 9 105 111 69 6 84 45 37 43 24 33 7
9 21 59 5 84 69 126 66 96 22
27 2 9 24 85 25 4 13 59 10 22 49 14 13 102 54 68 60 69 6 13 28 16 154
32 38 26 5 115 66 47 7 31 27 27 27 27 45 32 45 86 117 150 14 13 151 4 22 114 89 19 22 117 150 54 49 54 49 20 59 52 104 27 27 27 27 27 27 27 2 38 151 85 86
63 20 18 26 69 126 66 102 14 48 2 82 2 45 28 42 129 14
91 96 84 37 129 7
2 147 126 62 13 91 7
38 99 6 13 28 19 132 22 28 42 34 37 21 33 86 96 14
45 40 13 43 62 33 44 19 126 114 96 13 43 96 22 91 96 132 22 86 47 126 17 10 37 49 14 84
2 38 20 69 10 9 17 62 6 84 37 21 44 43 41 84 22 43 62 13 43 99 18 25 4 109
45 21 33 42 21 33 42 20 60 69 22 33 84 39 44 16 9 91 36 89 14
45 28 154 117 154 126 34 42 117 155 84 52 117 142 52 35 115 59 117 23 7 117 109 83 31 31 31 31 31 31 31 31 31 83 32 31 31 109 22 147 109 83 83 31 31 31 38 83 83 83 83 31 31 31 31 27 31 31 31 31 31 83 109 83 27 31 31 38 151 47 26 52
109 5 6 82 59 10 9 5 14 48
45 136 21 33 19 6 48
45 86 102 54 68 60 69 43 107 99 41 154 8 68 34 49 54 102 84 9 99 63 29 49 14
45 49 54 49 115 35 111 41 154 96 6 22 59 9 5 14 48 126
45 129 82 43 42 33 9 9 136 129 37 17 6 13 91 36 109
45 40 68 26 111 12 36 19 11 43 5 84 3 99 63 7
45 8 42 102 84 147 126 21 96 154 22 34
47 154 126 105 52 6 48 109 48 32 27 27 27 27 27 27 9 105 12 142 28 142
154 22 66 44 16 37 23 4 126 136 24 35 17 63 47 7 27 27 38 104 27 27 27 2 27 27 27 27 38 60 16 43 136 154 22 16 142 49 115 18 91 36 47 42
34 19 22 40 42 34 37 44 16 39 47 114 42 49 54 28 147 126 96 154 85 47 89 150 147 126 105 99 62 6 84 43 69
6 13 62 33 142 20 35 62 85 47 142 25 42 86 89 14 13 26 36 142 86 94 44 3 16 10
9 29 142 25 4 84 59 10
84 9 136 63 28 20 60 69 13 91 36 2
38 114 96 13 43 62 18 26 111 91 36 19 126 34 89 7
2 9 62 85 69 94 30 1 53
38 23 89 37 30 1
68 43 62 52 35 99 41 14 48 48 27 27 27 27 45 37 142 30 66
68 111 35 17 94 30 1
7 117 25 18 52 4 39 117 7 30 66 7 31 31 31 31 27 27 38 104 31 27 27 38 27 27 27 38 104 83 31 27 38 104 31 27 27 31 31 27 27 27 31 27 27 27 27 83 104 32 2 45 117 47 52 109 147 22 66 109
2 38 12 69 22 34 96 54 53 89 6 39 34 7
82 114 68 43 62 59 35 41 0
38 22 47 42 49 10 22 59 10 22 5 6 6 48 2
45 3 99 69 126 85 33 19 22 16 42 49 6 39 34 59 10 49 84 48
82 45 49 115 43 41 41 21 33 19 84 9 63
66 102 14 13 91 36 109 48 27 27 27 38 41 37 30 7
69 13 59 10 126 49 14 48
82 22 40 42 20 60 62 69 6 13 12 42 114 37 24 0
45 28 94 43 16 89 47 10
19 11 59 136 35 136 7 19 48
45 28 147 126 8 115 28 19 13 40 147 126 105 62 6 13 34 59 10 45
45 28 54 9 17 115 68 26 107 69 39 44 42 129 19 22 28 42 28 19 22 59 136
60 42 33 19 11 46 85 42 28 19 11 43 17 5 115 37 102 14 84 9 136 7
2 45 37 8 18 12 4 126 21 85 114 10 22 114 154 13 114 115 43 99 3 99 96 8 37 29 7 42 28 37 45 59 33 7 49 14
45 28 89 109 28 19 13 34 117 43 41 142 34 96 84 59 10 5 48 27 45 28 109 13 20 17 42 96 10 9 91 36 96 69 104 32 32 2 45 30 20 33 42
68 53 52 117 52 117 8 154 111 52 83 45 32 27 27 31 27 27 27 27 31 27 27 27 27 27 22 24 42 34 68 43 52
136 24 46 49 115 43 41 21 33 14 84 19 11 17 5 115 34 96 10 22 147 126 136 9 99 63 86 89 14 13 91 4
22 40 42 117 20 62 109 13 52 36 109 2 27 2 2 31 27 31 83 83 31 38 23 68 60 52
38 12 36 19 126 114 96 19 20 111 69 22 43 37 29 154 109
37 40 154 126 41 24 85 16 10 9 105 111 69 6
82 37 43 41 21 85 89 14 13 9 24 42 102 84 82 126 62 6 43 59 10
94 3 99 62 41 69 126 43 59 46 35 99 69 126 40 154 126 91 36 63 30 21 33 54 82 30 46 47 2
37 111 69 9 105 111 85 33 4
38 151 136 21 63 43 107 41 14 22 59 10 22 49 14 48 132
38 26 69 126 136 96 115 5 14 84 40 19 22 34 68 60 63 154
38 23 68 25 102 54 68 60 37 46 20 69 10 9 21 42 129
47 109 114 42 59 17 52 83 83 32 27 27 27 27 2 38 104 2 27 2 38 136 22 117
7 42 40 60 69 109 48
45 82 30 37 85 66 7
2 45 86 89 22 28 147 59 29 42 86 142 43 41 136 9 8 42 25 4 147 126 105 62 6 13 59 10 22 5 6 48
38 23 96 13 86 89 114 42 86 115 49 2 83 147 126 105 17 62 6 13 59 10 22 5 94 37 33 154 21 37 49 6 84 43 69 126 24 142 30 1
45 43 21 33 35 91 66
34 115 34 34 42 49 84 48 147 126 105 62 6 48
45 86 89 22 40 154 136 0 27 27 27 27 2 38 23 89 94 30 117 89 42 49 109 147 126 66 109 48 27 27 27 27 38 83 83 27 104 38 52 28 42 102 54 29 147 126 105 17 62 6 48 109 48 69 6 84 59 10
38 23 42 102 84 22 60 62 5 115 40 19 9 136 62 52 10 9 105 62 69 6 48 83 2 27 27 38 109 22 16 44 16 104 27 82 2 31 45 37 25 4
19 13 34 59 10 5 14 48
45 28 147 126 85 42 33 18 107 15 115 114 42 114 89 54 20 59 111
45 28 94 126 85 42 33 84 22 35 41 24 62 85 89 115 20 59 62 104 27 38 4 32 32 45 66 102 19 13 5 84
84 22 35 17 8 37 25 4 132 142 40 59 114 2
45 28 147 126 114 37 33 47 147 126 136 69 19 22 49 115 20 59 104 2
47 147 126 17 69 22 5 54 20 59 111 52 104 82 2 27 27 2 45 25 36 42 28 142 34 40 154 47 43 42 102 19 132 2
2 45 21 85 25 37 17 10 9 105 17 24 5 115 46 47 86 7 45 129 94
38 41 22 16 10 9 105 24 5 115 26 111 69 48 104 27 27 27 2 2 27 2 31 27 32 83 32 45 30 37
41 111 69 10 9 105 17 115 53 60 62 69 22 34 96 10 39 105 136 5 115 114 117 89 7
38 23 42 34 42 102 84 48 154 99 115 40 142
45 28 54 129 35 3 59 10 9 105 99 62 115 44 89 34 96 10 9 105 17 5 115 26 69 6 48
19 22 59 85 53 109 84 22 68 26 62 69 82 26 69 39 43 29 109 48
45 40 10 9 105 111 69 84 9 24 8 37 25 85 150 14 82 114 37 154 41 154 126 66 150 14 14 82
9 24 117 26 23 25 37 117 66 7 83 31 31 27 27 27 31 9 62 63 69 6 48 82 2 31 27 27 31 27 19 11 43 111 15 1
13 62 94 30 1
38 12 23 37 40 154 99 62 96 11 15 69
23 89 20 26 18 62 85 20 40 9 21 42 114 37 25 23 36 7 132
38 43 3 60 63 96 82 37 49 14
45 41 62 85 19 11 15
109 151 89 114 37 23 117 22 117 115 66 117 7 83 31 2 2 27 27 27 31 31 31 45 31 31 31 38 6 14 48 22 47 1 83 31 31 27 32 83 83 27 27 2 2 104 104 27 27 27 31 147 104 126 117 117 115 49 14 155 48 39 30 20 52 83 31 31 104 27 31 31 2 2 31 38 23 117 49 14 84
13 19 126 25 154 40 142 17 3 111 1
38 8 23 18 25 142 102 14 19 11 15 10 37 129 7 154 9 105 111 6 84 147 39 44 16 2 2
45 5 84 9 24 5 84 117 154 117 5 109 117 142 28 83 31 31 31 83 31 31 31 31 31 31 31 31 31 31 31 31 31 31 83 83 83 31 31 31 2 2 45 105 46 52 104
38 12 4 22 86 142 114 14 84 126 35 41 91 53 17 63 8 96 54
38 23 89 25 4 53 3 17 35 8 96 94 30 66 7
45 115 44 21 117 117 26 62 69 22 24 117 19 48 83 27 2 27 83 38 104 26 147 26 104 27 31 27 27 27 82 2 27 27 27 27 27 27 27 27 27 31 27 27 27 45 30 66 7
37 34 63 43 99 59 3 99 69 22 16 35 25 4 6 13 34 59 10 5 6 13 43 35 8 142 28 49 14 48 27
45 21 117 52 83 31 31 31 31 31 31 31 31 31 2 2 2 31 31 31 31 31 31 31 45 117
39 47 44 16 142 25 37 25 4 9 24 33 96
43 41 84 22 43 21 29 42 44 43 0 37 33 7
104 38 20 17 69 26 22 28 45 25 142 42 94 132 9 24 117 83 147 104 27 27 27 27 27 2 45 32 2 27 19 22 43 62 47
82 45 68 99 3 99 63 30 94 30 1 37 114 94 53 47
47 85 21 46 136 63 5 6 39 59 10 5 115 43 107 99 37 49 14 82 39 47 1 27 27 32 38 26 4 154 20 111 105 111 82
147 22 40 42 114 147 126 17 62 6 13 91 68 17 37 30 23 35 43 136 82
45 40 147 126 136 115 3 111 136 104
38 12 36 142 20 35 41 13 24 46 86 19 9 16 37 84 44 5 155 39 30 34 42 86 7 2 2 27 27 104 27 32 27 27 27 27 27 27 38 104 27 45 44 21 85 86 42 37 53 4 4 22 24 1
38 111 15 59 30 16 150 10
45 28 142 49 54 28 44 21 85 114 54 38 53 4 22 8 147 17 62 33 96 10 9 105 99 63 107
27 38 53 4 142 36 22 16 19 39 44 16 7 31 27 27 2 2 38 126 16 42 25 4 84 4
38 53 3 136 35 8 96 6
45 24 1 60 91 36 40 37 18 60 111 44 21 29 109 142 129 2 2 19 39 129 68
42 114 94 18 16 43 35 111 63 96 22 43 136 10 9 105 111 69 6 48
2 82 13 43 62 33 102 142 89 26 111 0
147 12 85 96 19 22 34 89 17 0 32 2 2 37 3 99 69
42 28 19 126 41 62 16 17 10 9 105 111 69 6 13 49 54
9 24 42 49 14 13 40 2
39 47 20 34 37 59 117 47 54 47 7 2 2 32 2 32 2 45 28 147 126 17 6 48
82 13 86 96 37 102 54 102 54 49 14 6 9 47 1
94 53 4 132 142 43 59 1 27
2 45 86 68 53 85 19 11 16 142 49 14
36 38 53 18 85 85 21 46 25 42 49 14 13 114 66 63 7
45 28 147 126 8 115 43 59 46 85 47 49 54 49 84 109 13 23 82
150 14 22 34 96 147 155 48 48 104 22 16 42 49 84 11 111 15 4 19 48 27 27 31 31 27 45 104 83 31 31 104 38 23 89
45 82 30 66 66 114 47 129 30 53 4 147 26 111 111 104
45 13 62 69 14 13 117 89 42 86 42 49 14 13 60 10 22 5 6 84 82
48 9 24 69 154 99 91 36 20 111 15 84 147 126 21 46 20 35 43 41 42 25 4 84 82 47 1 83 32 27 32 27 45 91 36 89 115 47 94
38 23 89 13 43 62 68 26 60 17 0
38 12 30 20 37 25 42 40 19 126 3 62 17 10 9 105 111 69 6 48
2 22 105 24 85 25 4 4 126 105 62 6 13 59 10 9 5 14 48 27
54 13 34 7 154 33 126 60 9 24 154 126 91 36 7
52 117 84 147 126 105 117 109 83 31 38 104 31 31 31 31 31 31 31 38 104 83 31 83 31 83 22 52 117 48 83 83 31 31 38 83 83 31 45 30 83 45 2 31 31 31 31 83 83 31 83 31 31 31 31 31 31 31 31 31 31 83 109 83 83 83 31 31 31 31 31 31 31 31 31 31 45 105 52
31 45 41 24 117 49 13 86 47 83 83 31 31 31 31 2 2 82 2 31 27 31 27 31 31 31 31 83 83 83 27 45 20 18 12 4 22 28 19 132 39 47 117 52 109
38 23 37 102 54 102 14 109 22 8 96 115 107 111 1
45 40 147 126 17 84 147 39 20 16 7
45 40 37 91 36 34 37 8 36 10 9 24 154 91 86 7
2 38 53 4 6 22 44 17 96 115 44 59 17 136
38 111 5 84 147 126 21 29 19
91 89 115 43 107 111 15 59 21 16 10
38 8 37 102 115 126 21 33 42 28 37 25 18 25 4 132 39 34 7 10
38 23 96 13 43 17 136 69
45 28 37 12 36 68 99 62 85 25 142 40 10 39 105 111 69 6 13 49 84 9 24 69 154 91 20 15 84 147 126 46 4
91 5 84 66 129 2
38 12 142 21 142 40 9 24 154 91 20 60 5 84 147 126 21 29 94 47 1
38 23 18 85 5 22 114 10 9 24 154 91 20 15 84 147 126 21 33 19 48 31
38 23 18 12 36 10 9 91 63 147 114 142 30 129 37 25 53 4 132 4 22 40 59
19 22 33 84 154 114 8 68 53 22 114 19 11 43 16 69
9 41 142 30 20 18 12 4 22 28 19 132 39 117 16 109 48 27 31 32 31 31 27 27 31 31 38 117 117 19 22 150 142 28 7 31 2 2 2 27 27 147 104 2 2 45 25 4 4
42 40 10 9 105 111 69 6 48
9 26 91 36 42 25 84 9 21 43 3 99 63 40 147 126 20 111 69 22 43 105 29 109 48
38 12 35 17 142 40 154 126 91 36 42 49 115 154 12 36 117 30 7 27 2 2 2 48 45 129 154 9 41 147 48 104 38 104 27 27 38 126 39 44 16 154 32
45 40 9 91 42 34 37 91 7
38 23 147 39 44 35 136 96 115 44 59
38 23 42 47 102 14 82
27 45 102 54 86 89 114 154 23 89 8 89 48 46 32 27 27 38 99 10
2 45 114 42 102 14 22 34 96 115 43 107 99 111 1
38 23 89 25 53 4 84 22 3 17 69 13 43 62 84 43 154 9 105 111 5 115 54 86 7 42 28 147 126 5 115 28 94 28 142 47 40 42 86 42 25 115
20 69 10 9 105 17 24 117 26 104 69 6 48 38 2 27 2 2 27 32 45 23 117 1 2 9 41 47
53 84 22 40 147 22 43 35 60 62 69 13 17 85 26 26 107 0
45 21 8 18 8 91 89 29 142 49 14
39 30 44 8 37 102 54 37 29 147 126 136 21 8 18 91 23 7
38 22 5 6 9 129 30 20 1
2 45 102 84 48 42 117 2 27 2 32 154 154 1 83 22 104 109 13 17 42 129 10 9 105 26 69 6
45 82 129 47 86 89 114 154 22 23 68 8 96 48
9 99 17 10 22 37 129 14
13 26 150 84 82 41 10 9 3 99 91 29 2
69 6 45 129 30 1 59
45 40 10 9 105 111 69 6 48
10 45 102 54 19 30 86 37 34 89 35 91 36 142 129
2 19 11 105 111 111 15 69 142 114
45 16 3 12 150 19 39 30 20 114 142 49 14 13 53 89 142 114 1
54 40 9 91 36 34 37 35 91 36
38 151 109 22 117 52 117 115 117 59 83 31 31 31 31 31 31 31 31 31 31 31 31 31 31 31 31 31 31 83 83 83 83 83 83 83 83 83 83 83 31 31 31 83 83 31 83 83 31 31 31 31 31 31 31 31 31 31 31 31 31 31 31 31 31 45 52
69 86 37 26 47 114 69 11 43 62 115 34 96 13 17 35 99 105 59 1 27 2 2 27 2 39 66 19 154
45 68 60 69 5 6 22 47 20 35 8 18 53 25 37 23 89 142 86 42 86 19 105 12 42 22 42 102 14 48 27 27 38 104 2 2 45 28 19 84 147 126 52 47 1
1 42 25 42 19 39 105 99 5 115 60 69 6 48
27 9 21 37 33 63 86 19 13 53 4 22 28 42 49 14 13 66 7
38 23 89 14 13 43 17 52 0 104 2 2 2 27 27 38 12 42 43 62 3 53 4 22 40 142 117 29 19 39 49 14 84 22 47 1
27 142 40 10 9 91 47 96 54 37 102 84 9 21 33 115 43 17 109 48
38 12 147 126 21 85 40 84 22 29 142 34
8 147 126 91 36 9 136 10 19 11 126 21 47 6
27 147 126 105 62 6 13 59 10 5 6 48
38 43 3 60 85 96 142 49 14
7 9 62 47 19 11 15 69 84 2
38 23 18 60 3 17 63 40 9 99 63 28 42 115 53 4 22 21 86 154
45 49 14 13 29 7
45 21 33 54 43 17 0 109 83
82 23 150 94 53 36 142 126 24 37 68 41 62 85 18 25 63 68 99 85 19 11 111 12 69 84 66 86 89 14 13 91 36 142 114 42 102 14 48
45 40 19 22 66 42 43 16 37 25 23 117 83 31 27 2 2 27 2 27 2 27 27 27 45 23 117 154
20 42 102 14 13 86 89 115 23 68 43 62 85 37 42 20 18 12 4 132 4 22 28 82 132 82 47 16 19 13
2 9 136 63 42 20 10 9 63 96 39 109 11 15 69 22 49 6 48
27 38 151 89 42 30 66 23 42 29 19 11 85 42 47 66 23 42 28 142 37 25 4 4 22 105 24 62 46 20 21 29 2 27 27 27 27 27 27 104 48 69 32 27 27 45 28 42 49 84
1 59 8 18 46 150 39 40 34 7
27 82 11 40 94 43 41 6 84 43 17 107 41 19 9 24 46 47 126 105 53 4 19 39 44 35 17 10 84 19 11 15 42 49 115 86 89 14 13 91 36 142 40 37 25 46 4
38 23 89 37 20 10 9 24 1 154
45 21 33 68 60 24 3 91 36 7 10 27 38 23 147 59 10 9 24 5 14 48
48 35 26 109 22 17 63 7 31 31 27 32 32 32 27 45 30 86 7
86 42 43 62 19 11 43 136
45 21 33 19 84 22 33 147 126 41 0
45 37 126 126 60 62 6 22 40 84 9 35 41 136 21
38 23 89 42 43 60 62 6 22 5 84 9 3 17 6 13 25 14 48 48
37 25 4 7 42 117 83 83 31 2 2 9 105 111 69 6
45 30 20 18 53 4 22 28 19 9 105 111 69 6 48
45 82 126 99 85 89 109 126 105 21 46 86 19 7 83 147 126 105 99 62 6 13 59 10 22 5 14
45 114 6 3 63 20 29 7
38 126 105 99 62 6 13 34 59 10 5 14
38 99 10 45 30
45 37 60 69 22 37 30 66 7
45 49 14 13 60 35 99 37 41 41 69 11 111 15 69 115 49 84 19 132 39 44 16 21 33 19 11 12 109 47 89 126 14 13 26 36 142 114 45 34 37 53 23 4 4 2 2 45 114 25 4 22 94 44
52 18 46 47 19 39 44 16 5 6 48 27 38 36 154
38 53 47 19 84 126 26 36 7 2
45 94 44 16 154 86 47 19 126 53 37 23 4 66
45 40 37 91 36 89 114 154 91 7
38 151 4 22 117 52 96 115 117 126 104 31 31 31 31 27 2 2 2 2 2 27 31 27 31 83 31 38 23 89 102 54 102 14 19 45 40 10 83 9 24 5 155
38 17 10 9 63 24 1
45 129 147 126 21 29 150 94 34 89 115 43 136 45 68 53 4 84 22 105 60 136 104
45 21 33 19 13 12 46 25 4 142 40 126 15 69 109 48 27 31 31 31 27 27 27 38 41 42 102 14 48 27 147 126 24 5 6
82 43 62 20 18 53 4 109
132 9 105 99 69 6 39 105 21 46 23 47
9 105 62 14 13 59 10 45 34 6 6 48 32
45 49 115 43 41 41 21 46 102 14 48
45 40 19 11 111 15 69 115 109 66 89 14 13 91 36 142 45 25 4 126 105 17 62 6 13 34 59 10 22 5 84
45 40 37 91 34 37 12 109 25 4 84 22 44 35 136 96 115 44 59 62 52
38 23 42 86 142 114 25 4 39 105 111 69 6 126 53 142 114 89 84 22 40 37 49 54 20 59 60 136 104 32 45 28 42 63 47 54 25 85 5 115 68 43 17 136 154
19 11 15 69 84 86 89 14 13 91 36 4
45 114 37 25 36 142 28 147 21 42 28 154 9 99 69
7 147 8 37 33 68 53 94 114 142 114 10 82 11 15 94 5 6
45 40 142 114 68 53 142 102 54 20 59 136 0
45 126 26 62 13 114 54 3 41
9 41 18 41 21 46 150 84 126 41 0 19 84 68 43 17 63 53 85 53
4 107 111 62 21 33 47 114 109 84 48
27 45 114 19 11 105 15 54 142 49 84 109 22 40 37 44 5 39 34 63 66 89 14 13 91 36 154 22 40 37 25 23 4
45 68 43 17 63 53 18 60 107 111 41 37 21 47 20 142 49 39 105
47 9 99 37 102 84 37 23 36 4
45 28 147 43 41 21 33 84 126 41 16 14 48
45 8 37 20 60 5 14 13 3 41 3 99 63 94 82 53 109 69 39 44 16 37 46 28 35 111 4 6 48
45 129 94 33 42 114 43 62 126 53 69 5 13 28 19 39 43 21 46 150 14 39 34 7
45 43 35 12 36 42 28 19 11 15 94 49 6 48
38 12 42 49 84 39 44 42 33 142 86 142 86 63 34 37 25 59 33 115 13 40 18 53 4 84 22 28 147 126 21 46 66
147 60 5 84 22 35 41 107 43 41 89 6
45 8 37 8 115 5 96 114 20 53 42 29 37 43 62 69 48
2 39 44 3 24 85 28 19 126 20 111 69 22 43 18 29 154
38 30 20 18 12 4 22 28 19 132 9 129 44 16 27
45 33 42 43 99 62 85 69 22 16 19 126 26 69 22 43 18 29 19 6 39 40 19 6 13 53 6 9 105 29 154
45 20 18 12 4 22 28 19 132 39 44 16 19 109 83 27 27 45 94 44 8 94 52 85 85
38 9 24 96 22 17 10 6 13 20 117 34 19 22 59 29 154 2 2 2 27 2 2 38 23 89
45 25 54 109 22 33 150 10 9 24 96 115 17 6 22 34 42 114 19 39 29 2
45 37 53 37 44 17 37 30 47 43 21 33 54 34 63 66 42 43 69 11 22 16 2
45 3 60 63 102 13 40 10 147 126 24 5 84 48
84 39 20 59 69 16 14 13 114 89 34 19 39 59 117 150 2
38 8 68 60 59 3 111 63 7
45 86 14 48
13 21 63 34 89 43 69 69 126 16 14 13 34 34 37 19 39 59 29 7 32
38 23 89 66 129 2
109 22 1 19 22 3 111 63 104 31 32 32 83 45 49 14 6
2 39 105 53 4 126 105 46 66 7 89 115 33 94 44 21 85 10 9 24 63 28 19 11 15 69 6 48
82 102 84 84 147 22 43 42 44 5 10 39
45 25 89 44 43 41 84 43 136 0
22 8 10 155 13 28 19 11 43 21 29 150 39 34 89 109 48 27 27 31 104 38 136 10 104 31 31 38 6 13 34 34 19 22 28 2
38 23 89 155 13 21 68 60 26 111 26 21 126 12 4 22 16 19 83 31 27 27 27 27 38 25 115 40 10 9 59 6 48
46 33 147 54 60 96 9 41 0
45 94 44 5 115 114 85 25 4 22 28 19 22 150 39 63 43 10 147 126 60 6 22 5 84 3 41 99
38 23 68 26 3 6 69 126 15 37 21 5 54 49 14 13 28 19 11 21 29 129 39 34 35 99 10 6 39 44 59 147 126 17 6 13 34 42 34 19 22 33 82
82 53 18 26 36 30 44 62 5 115 114 66 129
10 22 46 34 7 2
82 39 105 25 43 136
107 41 52 104 27 31 31 83 27 31 31 31 31 31 27 2 27 27 27 27 83 109 14 48 39 30 1 83 31 31 2 2 2 2 32 2 2 2 45 21 33 19 39 117 155
45 96 13 8 42 49 115 59 29 42 129 26 22 49 115 43 107 111 53 26
38 23 18 53 37 9 21 96 69
104 19 11 43 15 69 84 147 114 39 44 16 3 99 63
47 35 12 85 114 42 102 84 48
45 94 44 62 85 10 9 24 111 63 85 85 150 84 11 59 36 42 28 2 22 28 10
32 45 25 4 84 82 126 62 94 11 43 0
45 28 42 49 54 68 60 69 44 21 85 10 9 24 63 8 42 49 84 39 34 42 150 142 86 142 26 25 37 68 43 62 6 13 34 42 28 19 132 59 86 19
147 12 19 22 53 89 44 16 42 40 154 9 111 0 136
82 11 62 94 44 85 10 9 105 111 111 63 33 42 33 84
45 21 33 44 43 3 60 63 18 12 66 1 89 114 154 126 24 5 6 48
37 25 59 33 114 47 54 39 129 142 40 37 16 42 102 48
45 28 147 43 115 114 53 47 147 22 34 89 26 69 132 22 34 136
37 49 6 39 66 7
45 28 39 44 37 21 29 7 19 11 15 69 11 136 63 34 7 109
45 43 17 99 3 8 68 25 42 28 147 126 21 29 7
38 45 49 84 39 114 42 28 19 83
82 20 17 37 94 44 63 40 10 9 24 63 63
82 82 43 17 21 33 25 42 34 154
82 11 111 15 84 9 105 62 115 84 82 39 44 3 99 63 46 1
37 94 44 21 85 10 9 52 117 42 49 84 19 39 85 117 19 22 117 142 25 109 6 48 38 43 35 26 6 69 48 32 2 2 19 2 32 2 82 23 89 109
147 26 85 18 12 42 19 39 114 68 43 62 68 60 136
45 41 99 85 54 30 20 18 53 4
132 39 44 16 109 48
38 23 34 42 102 14 22 34 96 43 111 15 10 9 136 63 40 14 13 25 96 19 9 1 2
38 23 3 99 8 54 30 20 18 12 4 22 28 104
36 45 28 18 12 4 22 28 19 132 39 44 16 154 126
38 23 42 34 42 102 14 9 22 34 96 115 147 111 15 10 9 136 7 5 14 13 25 89 19
45 8 18 60 85 43 21 5 54 53 3 115 68 43 17
45 41 99 85 54 20 18 53 4 22 28 132 39 44 16
38 53 3 85 20 21 46 85 96 84 147 23 82 48
45 11 105 60 6 84 37 94 44 85 19 22 16 42 49 14 48
82 11 15 69 6 48
45 44 85 10 9 24 63 28 19 11 15 82 48 22 117 83 27 2 2 2 2 2 27 31 27 27 27 38 23 35 21 33 54
147 20 26 5 84 3 41 37 0
2 45 5 84 48 147 126 52 5 115 9 136 12 154 45 25 2
82 44 68 26 111
19 39 44 16 5 39 44 16 37 20 60 62 6 13 59 10
38 23 42 86 94 44 94 43 62 96 11 52 5 115 28 42 86 63 28 19 126 105 60 37 17 21 46 66 30 86 42 25 142 68 43 17 24 46 1 27 2 27 27 27 27 2 2 82 45 86 42 28 19 126 82 150 126 105 26 12 42 37
82 26 85 5 84 22 47 68 47 42 102 54 3 111 3 43 99 107 99 3 33 44 49 14
45 25 4 114 142 28 37 20 26 62 6 13 59 10 5 115 34 42 44 16 24 19 39 44 21 5 84 2
147 91 42 34 5 14 13 26 107 41 69 6 48 22 30 5 14
2 147 126 34 96 6 13 25 96 126 115 59 28 19 6 39 47 20 115 14
45 28 94 44 3 111 8 68 43 99 8 142 44 18 12 4 4 22 28 19 132 39 44 16 142
37 25 37 102 84 48 9 24 33 63
45 114 19 39 43 5 115 86 14 48 22 47 30 1
45 21 33 54 102 115 21 29 42 129 49 115 8 107 111 15 147 104 147 126 17 21 33 19 126 21 35 25 4 9 24 33 7 109
45 28 19 39 44 3 99 111 68 43 17 24 40 19 48 45 47 59 85 49 14 84
126 114 19 11 5 115 49 6 4 9
45 147 43 17 24 40 10 22 16 37 25 53 4 126 24 2
38 41 147 16 21 46 20 89 147 126 136 0 69 6 48
28 147 117 14 13 23 96 19 22 117 154 2 83 31 31 31 31 27 27 38 109 14 84 9 47 30 1 83 31 2 27 31 31 31 31 31 31 31 2 31 31 31 31 83 83 83 32 2 38 151 47 26 52 104 31 31 31 31 31 83 83 83 31 27 2 45 44 18 26 53 52 151 69 22 117 52 117 155 48
38 6 14 13 20 117 19 22 117 20 52 111 117 52 96 109 6 48 27 2 27 31 38 83 32 38 23 89 102 14
85 39 20 111 33 42 44 7 34 89 115 43 91 37 40 10 9 99 3 136 21 46 82
37 102 54 86 102 14 84 22 20 69 8 63 49 14 13 8 68 53 4 132 22 28 142 49 6
48 9 105 60 3 105 8 7 109
45 28 94 44 21 33 94 47
45 99 18 53 21 85 47 20 18 53 4 4 22 28 19 132 39 44 16 19 115 154 86 102 14 39 30
86 68 53 85 63 114 19 11 40 16 19 22
126 35 8 84 37 33 42 49 14 13 66 68
38 23 85 37 68 8 84 45 37 33 42 49 14
45 28 147 126 8 115 40 69 49 14 39 34 35 85 94 44 136 10
154 105 111 3 136 96 147 114 42 89 37
38 53 47 43 107 111 126 69 94 33 30 1 2 2 27 45 114 23 34 154 126 37 7 142 129 94 30 1 27 27 27 27 45 25 4 13 136
45 40 8 4 142 49 14 13 151 85 19 39 20 111 35 22 28
45 28 147 126 62 115 142 28 19 11 15 39
45 129 94 21 85 10 9 99 63 85 42 49 84 39 34 7
45 25 4 13 114 85 94 20 111 15 42 44 63 37 43 63 41 3 99 104
38 60 147 43 63 115 8 68 60 85 6 14 13 34 42 28 19 39 20 15 42 44 7 7 96 82 82 82
38 23 68 25 102 14 48 31
45 30 20 18 53 4 22 86 42 19 132 45 47 44 16 154
47 114 117 25 18 53 4 22 28 19 132 39 44 16 2 48 27 27 27 27 27 27 27 32 2 2 45 68 26 84 22 33 30 109 47 20 59 21 46 66 47 85 85 86
154 9 24 33 96 142 86 68 26 62 126 37 24 1 69 6 48
38 41 24 21 29 34 42 86 19 154 126 24 33 142 28 42 47 24 1 69 6 48 27 27 27 27 27 27 38 6 13 43 62 117 30
30 59 8 126 53 84 82 40 37 33 18 12 96 42 37 102 14
38 24 5 18 53 5 82 4 22 40 37 33 18 12 42 42 102 14 48
38 23 37 30 34 42 49 14 13 66 7 35 129 42 43 107 12 42 114
27 9 24 105 12 42 42 102 14 48
38 8 115 21 44 21 25 42 129 68 20 43 99 62 37 54
38 99 115 40 142 28 154 19 11 111 15 69 84 48
45 25 49 84 147 8 33 42 28 42 28 2 9 24 33 142 28 147 60 69 9 136 63 69
84 147 39 53 68 60 69 82
45 147 43 99 105 26 82 36 42 114 42 66 86 14
38 41 24 3 107 12 42 114 18 47 102 84 22 28 147 5 115 68 66 19 11 40 147 21 37 68 17 82 40 14 13 26 36 69
84 22 20 69 126 85 49 13 68 25 4 22 28 142 38 9 105 99 3 105 8 63 104
45 40 147 17 105 12 42 42 49 84 43 24 105 12 37 114 14 48 147 22 18 43 62 33 37 43 21 29
45 25 69 13 49 14 13 53 154 114 89 14 14
109 13 34 42 96 19 132 22 20 15 69 34 7 5 7 96 38
82 11 43 21 68 26 136
45 44 37 33 43 62 69 22
39 33 47 114 68 60 0 2
38 23 89 21 33 42 114 60 99 62 37 25 4
94 21 46 66 47 20 42 20 26 62 69 9 24 82 14
38 8 154 26 69 84 22 136 35 17 154 126 105 8 6 84 43 136 35 26 47 85 114 49 14 13 91 29 7
38 111 15 4 9 136 63 8 10 82
45 25 4 22 30 53 85 16 82 37 40 19 126 33 63 37 30 66 20 23 89 30 147 126 21 94
54 20 59 62 94 114 37 33 129 48 2 38 41 107 111 8 96 8 69 46 66 47 42 28 147 126 33 7
45 21 33 42 20 62 68 60 17 104 27 27 27 27 45 25 4
37 49 14 39 59 10 22 5 115 46 59 21 20 41 37 25 4 6 84 22 47 1 104 38 104 27 2 27 2 38 104 27 45 33 19 155
9 24 69 154 91 36 19 8 104
38 111 5 84 147 126 21 46 85 109
54 34 68 53 63 28 19 11 5 94 43 17 37
54 53 4 132 22 43 3 12 36 19 39 47 1
38 12 36 19 114 37 44 26 85 25 4 68 60 37 28 147 5 115 82 30 66 66 30 154 2 82 38 12 142 30
47 20 154 147 20 105 60 62 46 53 89 82 12 36 154 82 20 17 107 0
45 25 142 35 8 84 37 33 30 30 129 154 147 126 41 126 17 0
48 19 22 16 37 126 39 44 21 86 89 54 13 91 36 4
45 40 37 91 36 154 105 12 4 25 4 13 44 43 17 96 115 20 59 136 2
45 29 117 150 54 68 43 69 39 44 21 33 89 13 91 36 4 109 48 2 2 38 22 43 117 26
117 35 5 22 33 54 117 59 104 27 31 31 31 31 2 2 31 31 31 31 31 31 31 27 31 31 31 31 31 31 27 31 31 2 31 31 38 25 4 54 34 117 117 47 54 86 117 33 49 13 105 52 104
45 49 14 13 29 105 60 136 0 0 7 115 40 54 68 43 17 62 19 11 105 15 115 86 49 14 13 91 36 19
129 21 33 115 20 60 99 0
45 28 147 126 60 115 86 94 42 47 54 25 94 66
47 21 46 46 66 49 14 13 26 36 19 39 30 47 1 37 35 16 35 25 3 17 37 99 107 13 21 46
39 34 19 39 43 16 5 48
45 30 20 18 12 4 132 22 28 19 132 9 126 44 16
52 147 126 52 115 117 42 115 25 53 4 22 102 54 20 59 52 104 83 31 31 27 27 27 31 31 31 31 27 31 31 31 31 31 31 31 27 31 83 31 31 27 38 23 117 86 42 47
89 54 114 29 102 14 13 43 96 147 126 85 47 150 54 129 147 22 114 5 84 48 147 20 59 5 14 13 86 2
126 8 82 9 66 40 25 23 34
19 11 105 111 15 94 49 14 48
45 8 60 59 94 85 10 9 111 63 20 42 102 14 39 47 42 86 42 86 42 94 30 1 2 45 33 19 84 48
66 89 114 82 20 99 150 94 59 62 28 147 126 40 37 19 11
94 44 114 19 22 21 33 20 18 53 4 132 19 39 28 19 132 39 44 16 142 86 96 14 13 26 91 36 104
48 22 40 154 22 34 21 63 17 54 35 99 41 0
45 114 84 142 82 154 41 21 46 43 5 14 48 147 114 94 53 18 1
38 114 96 10 9 24 5 10 22 43 24 62 147 126 96 84 147 114 46 5 13 34 42 29 19 30 10 39 44 16 154 82
147 151 53 3 85 47 21 46 1 154 86 96 14 13 91 36 82 54 44 59
13 47 52 69 22 105 117 52 117 115 52 109 83 83 83 31 31 31 31 31 31 31 31 31 83 83 31 31 31 31 31 31 31 31 31 27 2 31 31 31 31 31 31 2 2 2 2 2 83 31 31 31 83 31 27 2 2 31 38 52 59 91 36 69
13 16 68 60 62 33 89 43 99 8 114 82
39 44 17 19 6 48 45 86 89 13 12 142 42 49 54 20 59 136 0
38 22 8 42 102 54 49 84 9 41 107 99 111 1
14 13 35 41 3 17 63 8 68 126 111 1
45 25 84 22 68 60 42 17 107 111 1 2
45 3 111 15 115 34 42 25 63 15 1
38 23 85 150 54 86 68 53 4 9 41 19 39 44 16 107 41 84 9 21 5 42 129 14
84 22 47 20 21 117 19 39 49 115 20 26 62 69 6 13 26 36 69 109 32 27 27 27 31 31 2 2 2 2 45 42 33 49 14 48 154 107 41 17 0 83 27 27 31 31 27 27 31 31 27 109 14 39 30 20 1 2 2 2 27 31 31 27 2 31 38 23 151 117 150 22 47 52 41 0
39 44 16 94 30 35 136 62 84 22 33 42 49 14 13 66 68 53 3 21 33 21 1 99 63 5 6 13 59 5 10 5 84 2
47 20 154 20 105 60 62 23 89 142 12 4 94 20 18 17 105 107 136
82 84 43 107 12 36 19 22 34 68 43 3 91 36 19
45 37 43 60 63 33 42 23 89 114 19 84 9 24 154 91 29 7 2
107 111 5 84 147 126 21 46 4 22 49 94 49 54 49 14 13 59 8 37 5 115 25 21 86 19 7
104 69 22 91 42 49 54 129 20 18 12 4 132 39 28 19 132 39 44 16 22 25 12 4 22 59 1 104
45 35 8 84 45 33 42 28 19 39 44 21 33 89 14 13 91 36 4
45 40 37 91 34 7 35 21 46 25 4 6 39 44 126 17 96 115 20 59 136 104 2 2 27 45 8 37 47 150 84 19 39 44 16 7
45 102 54 25 4 4 39 47 20 16 0
45 28 84 22 17 37 54 20 85 53 111 104
45 8 89 5 84 82 11 111 15 42 115 86 89 14 13 91 36 4
45 23 96 13 85 68 60 104 27 27 27 45 38 12 42 43 17 41 0
45 114 19 39 44 18 12 4 13 28 19 132 39 44 16 154
69 22 43 35 115 8 114 19 13 68 12 42 7 49 19 39 44 16 19 32 48 32
45 49 84 19 39 44 16 136 104
45 40 37 91 34 37 8 36 10 147 126 24 154 111 36
38 111 5 84 147 126 21 29 35 25
38 25 4 39 44 35 17 96 115 20 132 111 104 109
38 23 21 33 35 20 17 40 37 25 18 53 4 19 39 34 7
154 38 99 115 40 142 117 10 104 27 27 83 38 136 10 147 126 24 115 28 42
37 21 29 42 28 42 20 60 69 9 24 69 48 27 2 38 23 42
54 68 12 117 142 117 83 2 2 45 28 19 22 59 117 42 117 7 9 24 104 154 69 48 104 104 27 38 126 2 2 2 32 27 38 23 37 47 109 32 2 45 49 54 34 68 107
31 19 39 40 154 45 117 52 21 117 115 43 52 109 48 83 31 31 31 27 31 27 83 31 31 31 83 83 83 83 32 2 31 31 31 27 31 27 45 21 117 150 14
47 102 54 82 33 94 9 24 1
45 28 126 26 91 47 23 4 9 24 43 41 37 33 19 11 111 15 69 6
45 3 91 36 82 30 20 46 114 142 114 37 20 63 136 0 38 114 2 45 49 14 13 23 96 19 22 1
45 44 21 85 34 54 147 126 60 69 22 8 63 22 86 37 54 53 4
49 14 13 66 63 46 53 96 13 40 21 33 10 147 22 86 63 25 37 129 10 9 136 24 1
82 8 68 60 85 62 24 33 69 14 48
45 40 21 20 85 69 114 19 11 15 69 22 129 94 44 63 85 10 9 111 63 33 85 49 14 39 59 42 28 142 34 42 43 41 0 9 21 5 14 48 22 47 1 27 2 2 2 2 9 41 24 8 8 18
69 11 15 142 49 54 49
147 41 41 99 37 28 142 117 86 42 54 53 4 22 86 20 4 142 49 14 13 53 89 142 43 17 10 45 49 14 39 30 1 154
2 38 25 142 68 29 19 84 68 43 62 69 20 10 9 85 96 84 9 62 42 34 47 10 39 44 16 109 48
38 25 54 35 3 107 99 63 45
38 23 94 44 105 111 26 62 6 13 12 36 142 49 6 84 39 30 44 1
45 28 94 114 154 9 105 26 107 30 20 18 12 4 22 28 19 132 39 44 16 109
38 8 115 40 154 22 21 136 96 19 39 34 35 17 9 136 107 111 15 53
38 23 33 147 126 30 20 102 84 147 126 25 4 40 147 17 3 111 15 53 4
45 40 10 39 44 16 19 6 84 109 126 105 53 89 109
45 25 89 94 44 21 37 25 4 22 25 4 22 30 20 18 12 4 22 28 132 39 44 16 142 49 54
54 20 59 62 33 89 14 13 91 36 4
45 11 60 96 6 22 43 24 7
45 68 53 4 13 35 60 96 37 60 44 16 2
38 23 89 49 84 9 41 69 115 3 99 69
38 40 115 3 99 63 17 9 136 111 5 84 147 126 21 46 25 89 19
9 136 154 9 24 94 39 43 17 19 22 16 3 99 63 136 9 136 15 5 6 84 147 22 46 1 109
28 37 91 36 147 111 69 46 46 4 132 142 43 16 42 129 6 14 13 40 19 11 21 46 150 39 34 89 25 142 129 154 45 32
19 11 105 111 15 42 6
48 45 25 4 142 30 20 18 12 4 22 28 19 132
39 47 20 16 142 86 89 13 91 36 4
45 49 54 20 59 111 136 104
82 44 68 29 54 14 13 34
52 89 151 18 8 21 8 8 42 34 35 17 142 28 19 11 129 109 48 27 31 31 31 27 31 32 32 27 45 47 147 126 62 14
2 82 47 53 3 85 102 54 43 62 69 11 111 15 115 86 96 14 13 91 36 19 83 2 2 2 45 40 9 53 94
48 45 28 19 11 15 115 20 26 62 69 13 91 104 13 48 27 27 2 32 27 27 27 38 23 117 86 39 47 117 23 7
45 94 5 54 28 147 126 26 62 85 86 69 39 33 94 44 5 115 28 19 9 99 107 26 53 4 36 42 44 5 84 22 28 2
82 38 12 36 42 44 62 85 115 86 19
48 22 136 35 12 36 14 13 34
136 19 39 20 15 37 94 44 7 37 96 6 48
82 49 14 13 47 85 10 39 20 111 15 42 44 35 8 96 14 48
47 22 52 154 22 26 52 96 69 48 83 83 83 83 83 2 2 2 2 2 27 31 31 31 45 129 37 25 4 23
19 11 26 15 69 115 86 94 44 85 9 136 63 33 42 49 84 39 34 47 114 142 114 154
142 28 19 11 15 69 84 43 99 63 49 14
30 20 126 53 37 68 26 107 22 84 37 33 63 94 44 21 42 114 10 9 136 63 85 19 22 28 42 49 39 34 42
38 12 142 21 94 68 60 85
54 49 14 13 53 85 10 39 20 111 33 42 35
38 23 89 42 114 66 25 10 9 24 42 30 20 18 53 4 22 28 19 132 39 44 16 109
45 86 89 14 13 91 36 37 24 42 86 96 10 38 12 4
45 68 26 26 126 25 37 33 47 89 54 20 59 17 69
7 5 115 68 62 69 11 15 115 16 63 49 6 84 22 30 33 94 30 1 32 27 45 23 85 8 102 54 37 46 1 45 114 10 39 44 16 142 86 89 14 13 91 109 142 114 14
39 30 44 59 47 102 84 82 43 17 69 13 34 59 136 104
45 22 43 12 36 53 42 33 42 114 22 5 84 43 41 21 25 4 11 15 69 39 54
22 35 12 94 44 5 115 28 35 91 36 4
109 13 117 5 39 20 15 94 44 42 34 7 109 48 31 31 31 31 31 31 31 31 31 31 31 27 27 2 2 31 109 22 147 20 111 62 115 5 155 41
38 12 40 147 126 62 85 41 63
45 3 99 29 89 20 16 21 29 20 91 42 49 14 13 114 44 35 3 99
45 114 37 99 69 13 105 29 7 142 129 20 18 12 4 22 28 19 132 39 44 16
9 21 33 84 142 28 19 11 15 69 84 19 39 44 16 63
47 54 40 10 38 23 53 4
45 25 4 114 37 30 20 18 53 4 39 28 19 132 9 41 24 5 14
82 9 41 142 43 111 10
38 23 115 3 99 63 17 9 136 111 15 6 84 147 126 21 46 1 31 27 27 31 27 27 31 27 27 27 27 2 32 83 32 48 45 86 47 94 47 85 18 53 109 109 117 19 132 22 47 52 19 84 22 23 7 109 109 45 86 68 26
41 3 99 10 142 8 115 68 35 99 35 136 9 136 15 84 147 126 21 46 1
45 147 26 5 14 13 5 54 35 99 107
45 37 41 24 37 68 26 69 126 142 30 54 114 89 107 41
38 23 89 30 20 18 53 4 22 28 19 132 39 44 16 142 66 86 89 14 13 91 36 69 10 104 32 2 45 40 37 102 14
45 44 21 85 10 9 136 63 33 19 11 15 69 6 22 30 1
45 24 94 68 60 69 37 47 54 20 59 52 83 27 27 27 27 31 31 31 27 27 31 31 38 22 43 62 117 102 129
47 147 126 52 96 6 13 117 147 117 96 115 43 17 10 142 40 10 82 12 4 109 4 82 2 31 31 31 27 31 45 37 25 53 4 109
45 114 18 53 4 22 28 19 132 9 24 5 84 13 49 84 9 41 154 40 115 3 99 63 17 9 111 15 84 147 126 21 46 114 109 82
150 39 34 35 17 10 9 24 5 54 49 54 115 43 41 14 84 43 17 10 9 41 3 99 99 10
38 23 115 3 99 105 43 17 9 136 111 5 84 147 126 21 33 1 19
45 53 10 9 24 46 86 94 40 19 22 66 47 19 126 66 129 7
126 105 53 89 34 4 109 109 28 42 28 142 28 42 54 102 84 22 28 154 109 48 27 2 27 27 2 2 27 45 21 33 19 39 102 54 20 23 20 107 41 41 52
84 39 114 59 8 69 126 17 29 7
14 84 39 20 59 147 126 136
154 105 12 68 34 37 40 69 107 99 3 99 24 117 102 14 13 91 36 36 69 109 48 2 32 32 2 45 28 37 42 47 54 85 3 21 37 33 63 43
45 35 21 25 37 40 4 22 66 150 39 34 35 17 10 39 86 44 16 115 117 86 89 14 13 91 36 104 38 25 4 4
27 9 41 24 16 154 126 105 26 114 109 48
82 13 8 117 94 44 3 21 8 37 46 1
38 20 21 37 33 68 43 17 3 21 25 37 114 19 22 86 39 43 94 17 0
9 41 24 5 84 43 107 136 63 44 16 2
10 114 42 102 14 39 20 59 154 126 136 82
45 102 54 142 25 4 126 53 34 142 3 24 154 39 44 52 62 69 126 41 0 31 31 45 126 105 91 68 34 69 109 48 27 2 27 27 27 27 27 2 45 23 7 1
45 28 142 25 117 142 117 39 34 35 17 10 39 44 16 142 117 89 109 13 91 36 109 83 31 83 31 31 31 31 27 31 31 45 24 94 68 26 107 33 47 16 104 31 31 31 31 27 31 31 32 45 54 20 59 104
45 49 14 13 46 59 60 37 129 19
142 30 43 136 21 5 54
86 44 43 3 26 63 21 44 41 21 29 14 84 22 114 29 19 114 154 126 12 23 68 34 4 109 48
38 23 89 23 42 49 14 22 43 63 6
48 19 9 24 54 37 20 60 62 69 13 12 19
45 21 33 154 21 43 41 43 68 53 69 14
13 23 21 33 19 22 96 13 20 117 117 25 115 40 154 9 24 7 109 48 27 27 27 27 27 45 30 53 26
22 43 111 99 8 37 29 82 44 16 10 9 21 94 20 16 136
38 23 42 49 54 43 60 8 37 29 42 42 44 16 10 9 136 63 47 42 114 85 3 99 115 114 37
30 44 16 10 9 8 68 43 62 19 22 8 7 2
18 86 10 37 21 33 14 13 23 89 14
45 25 18 34 37 35 17 84 147 126 21 53
27 45 37 53 4 10 19 129 39 20 126 53 37 16 37 126 105 26 89 34 42
38 45 82 94 44 21 85 10 9 24 35 26 22 102 84 19 22 40 42 44 62 94 39 34 7 32
45 38 25 4 94 28 19 126 34 96 19 114 96 14 13 20 85 59 29 142 109
154 9 62 33 89 19 6 48 27 45 68 26
45 84 126 3 99 63 94 44 60 69 13 12 4 36 2 9 105 12 89 40 7
82 8 19 22 16 147 126 34 7 19 132 9 105 53 89 19 39
30 49 84 22 40 10 9 136 154 1 2
38 23 42 129 10 9 91 63 114 154 126 111 21 5 84 22 49 84 21 33 115 43 136 0 109 6 48
45 40 21 154 126 66 42 147 5 115 68 60 69 22 59 85 49 13 53 4 126 25 89 109
45 129 42 28 89 53 18 53 4 13 49 6 22 40 37 126 60 5 84 126 3 41 0
38 22 44 16 35 99 126 99 63 8 94 49 84 13 105 46 86 4
38 8 142 114 68 53 4 22 21 33 49 115 43 17 21 46 14 48 2 27 2 45 28 19 44 14
89 10 9 105 99 96 8 94 44 16 7
94 30 25 94 44 85 85 10 9 24 63 33 19 11 15 84 45 28 49 84 48 22 40 42 20 5 39 34 7
38 30 28 142 34 89 43 99 3
154 147 60 3 60 136 21 5 115
82 28 42 126 25 4 22 49 14 13 66 63 104
47 18 12 4 39 28 19 132 39 30 44 16 37 8 147 26 62 69 13 91 36 10
45 25 4 22 94 44 16 10
9 21 94 25 1 147 126 111 69 22 63 86 28 10
38 9 41 16 37 40 19 11 15 69 6
45 117 52 52 117 109 83 83 83 31 31 31 31 31 31 31 31 31 31 31 83 31 31 31 31 31 83 31 31 31 104 38 151 142 5 13 117 83 83 83 31 2 31 31 31 31 31 31 31 2 2 31 147 104 83 83 31 31 31 31 31 83 45 117 150 13 150 14 48
84 45 114 59 62 147 126 16 84 34 7 34 19 132 22 63 29 7
22 68 43 35 17 3 111 63 37 25 4 6
41 14 13 117 19 22 59 117 154 83 31 31 31 31 45 2 45 25 4 22 21 33 94 105 23 4 10 109 117 86 7 27 31 31 31 27 104 31 27 27 27 38 117 44 16 154 22 16 104 22
27 45 68 26 85 62 69 22 5 54 23 89 19 39 44 21 33 115 49 13 53 4 4 114 89 9 24 35 99 10 6 39 34 42 40 19 39 33 154 32
31 45 21 33 19 39 30 102 14 48 83 27 38 8 10 9 105 53 4
1 9 24 5 115 17 96 9 17 10 154 2 126 105 29 7
38 23 18 60 3 62 96 94 40 142 22 16 3 24 69 126 69 26 63 142 35 99 94 84 40 37 34 37 40 94 53 26 111 82 53 17 69 39 44 16 18 8 16 37 28 19 22 5 13 25 42 34 18 60 4
82 9 151 111 62 21 102 47 25 37 40 154 126 105 29 7
45 33 19 39 49 54 25 59 150 54 25 85 33 18 111 15 69 6
45 86 47 43 42 102 19 84 9 21 68 60 99 5 115 86 96 10 39 86 89 34 94 86 18 111 15 69 6
45 40 37 43 115 63 33 19 115 102 84 22 40 10 38 24 5 115 28 7 22 28 42 34 142 34 18 111 15 69
38 23 18 12 142 151 62 85 17 63 49 84 154 126 105 29 47 7 31 27 27 2 27 38 19 11 111 15 32
38 23 68 12 37 154 126 62 69
38 5 6 13 114 142 114 89 85 35 99 63 94 43 99 10
32 19 11 15 69 84 37 25 89 54 49 142 86 7
82 21 33 19 13 20 12 69 126 41 14 13 86 142 35 26 104 2 27 31 27 27 27 38 104 31 31 31 27 27 27 27 27 27 83 109 13 86 142 35 26
45 102 54 34 68 20 35 99 62 96 142 43 16 10 19 11 15 6 48 19 39 44 16 7 38 154 27 27 27 27 27 38 104 154 126 59 46
45 6 13 17 102 54 49 13 8 69 22 34 63 60 63 59 1 27
38 41 10 147 126 21 33 17 47
27 9 21 5 84 147 126 21 25 42 129 42
38 23 42 33 94 44 62 85 10 9 99 63 85 42 49 84 82 39 28 42 129 19 22 28 19 84 8 37 43 107 41 69 126 105 46 66 47 7 38 53 37 21 33 43 21 46
54 49 14 13 66 47 68 43 111 63 21 16 10 147 126 24 35 41 84 45 5 84 147 22 105 25 37 129 94 1
35 26 69 9 16 19 39 44 16 63 41 6 82 48 38 136 37
68 26 52 69 126 24 63 35 41 24 63 25 21 33 94 44 154 147 126 28 10 9 59 1 104 27 27 27 31 31 31 31 27 31 31 27 38 83 32 32 2 32 38 23 42
63 129 94 44 16 62 85 69 6
38 23 94 44 59 111 42 66
45 41 85 54 20 18 53 4 22 28 19 132 39 44 16 19 82
63 46 59 86 89 14 84 48
19 84 5 84 105 12 69 126 33 42 129 132 9 24 1
45 21 33 20 26 69 84 104
45 24 8 37 30 20 18 12 4 22 28 19 132 39 44 16 19 48 2 27 38 151 66
63 20 66 86 89 14 13 91 36 19 27 45 49 14 13 84 22 30 1 82
38 23 68 53 86 21 1 60 69 13 15 142 49 6 39 30 20 37
45 68 26 111 3 99 96 19 22 114 68 43 17 41 154 2 45
82 9 41 99 8 42 49 84 2
38 23 47 21 46 29 86 89 40 154 22 49 14 13 28 7 34 142 44 43 136 37 49 84 104 154 126 105 46 7 7
27 2 45 28 54 68 26 62 47 16 104 147 86 66
38 132 9 21 18 53 52 59 34 42 126 60 62 6 13 59 10 5 14
109 9 41 154 13 60 62 69 109
45 25 59 33 147 126 33 19 22 28 7 2
32 45 28 94 44 21 69 11 62 94 115 5 14 82
38 23 54 28 42 20 60 62 6 22 59 10 34 49 94 44 37 23 34 89 43 3 41 111 62 115 94 114 68 43 62 24 46 1
45 147 105 5 54 25 54 68 43 62 6 39 20 59 147
107 91 17 37 40 10 9 105 26 86 89 10 9 21 33 94 44 21 42 25 4 109 48
45 44 111 62 6 39 34 59 10 9 5 48 31
22 114 85 60 21 96 94 40 19 22 43 16 24 147 60 69 114 19 132 9 99 63
38 9 111 33 86 42 25 4 22 129 7 27 27 45 33 18 12 4 22 28
82 13 40 154 99 62 155 13 20 26 8 35 17 96 19 22 114 68 20 17 0
45 99 69 22 30 114 18 12 4
132 39 44 16 142 49 14
38 53 18 34 37 102 14 22 34 96 115
30 20 37 60 37 40 154 126 105 29 1
9 8 12 42 44 21 68 60 62 33
38 107 91 36 19 11 16 54
13 114 147 23 5 84 35 91 29 7
7 154 20 111 62 6 22 34 59 10 27
38 24 69 84 45 28 147 126 105 17 5 6 48 22 21 86 19
45 49 54 102 142 86 7 147 40 13 53 4 39 40 63 5 84 40 154 126 105 29 47 7
54 35 12 42 20 60 6 84 34 40 10
54 28 147 126 105 62 6 13 59 83 117 48 31 31 31 104 31 31 31 27 104 31 31 38 104 31 31 31 31 109 32 22 117 47 117 89 117 150 39 117 109
27 32 132 126 26 84 69 22 40 42 47 68 23 4 109
9 21 33 94 44 5 19 22 40 42 30 66 35 21 154 22 40 154 126 60 69 22 18 29 109 48 27 27 27 38 99 69 22 129
94 53 4 4 22 59 117 150 14 48
38 23 35 142 25 142 18 17 69 126 86 150 39 34
45 114 22 105 52 5 84 83 9 52 117 48 83 31 31 31 31 27 31 31 27 27 27 32 27 27 45 25 4
54 114 10 22 105 53 4
26 37 102 54 126 102 54 49 14 13 66 63 96 10 105 53 4 154 105 29 7
35 5 84 37 28 154 82 53 52 105 60 69 40 42 49 84 154 105 29
45 25 4 13 40 35 111 62 6
45 39 28 42 43 62 96 22 16 18 25 53 4
82 28 19 126 23 42 44 5 84 147 20 60 6 84 9 41 0
45 49 14 13 105 53 4 22 114 89 22 35 99 18 117 14 48 83 31 31 27 31 31 2 2 45 25 4 1 83 32 83 83 31 2 2 31 31 31 31 31 7 37 30 47 10
82 59 85 85 147 126 17 3 41 14
37 114 19 22 21 126 25 42 94
38 26 46 86 42 47 10 154 9 59 69 154 8 96 44 28 19 39 43 21 85 1
82 19 22 21 42 25 4 126 105 29 7
82 8 18 85 43 21 5 54
47 54 53 25 4 126 20 24 105 52 104 31 31 27 31 27 27 27 27 27 27 27 2 27 38 23 86 89 42
47 115 53 25 69 9 24 154 82 104 27 82 33 42 54 53 154 82 39 150 10 40 52 154 2
45 28 94 44 94 43 99 63 29 19 4 22 40 9 59 85 69 62 33 86 94 33 94 44 16 37 29 82 14 48
45 28 42 25 34 85 3 99 69 8 69 6 82
117 19 147 20 60 5 22 52 41 154 117 117 10 154 12 4 109 28 19 22 117 2 31 31 31 31 27 31 31 31 31 31 31 2 31 31 27 31 31 2 2 27 27 38 23 18 23 89
2 45 40 109 147 22 20 1 109 48 83 83 31 31 31 27 31 31 31 19 38 111 94 117
82 40 19 39 49 94 25 59 33 117 154 9 24 69 19 22 34 96 19 48 32 27 27 45 25 4
2 126 105 53 4 13 59 10 22 35 82 6
28 42 102 84 142 34 96 115 2
37 22 30 20 37 111 26 37 40 154 126 105 29 7
38 23 89 25 37 30 30 150
9 105 53 4 147 126 22 59 10 22 49 48 27 38 142 102 54
54 53 4 22 16 42 49 14 13 66 47
45 102 14 19 22 34 96 84 104
37 44 18 17 62 42 43 104 126 105 46 1
38 82 94 44 40 147 126 23 85 59 29 42 129 14 84 9 68 53 60 41 91 36 42 25 18 5 54 28 7 154 9 24 5 69 22 40 7 27
45 28 147 126 8 115 34 28 94 20 53 3 17 3 41 96 154 114 94 44 5 115 49 14 13 53 47 85 69 22 117 20 111 15 69 22 34 7 104 7 69 48 27 27 27 27 2 2 2 32 45 28 37 114 102 84 83
86 94 44 21 85 10 9 24 63 28 19 11 111 26 15 69 6
45 30 20 18 53 4 22 28 19 132 39 44 16 54 53 4 22 59 37 94 8 47
82 109 45 86 42 19 22 43 136 96 94 43 136 37
68 53 142 34 42 19 11 44 16 19 48 2 32 2 38 99 21 33 14
35 26 104 22 33 42 49 14 13 66 63 23 5 115 40 37 114 66
45 86 7 19 22 43 136 96 115 43 37 68 53 42 34 19 39 44 16 7
68 111 62 34 19 22 43 96 115 43 136 37 25 18 53 4 39 34 7
38 23 115 3 107 99 63 46 23 54 82 102 54 129 102 54 49 14 13 29 42 34 54 37 53 4 38 7 7 2
45 40 37 25 69 84 126 105 12 150 14
45 41 62 69 22 34 89 42 25 142 28 19 126 24 42 129 14 48 27 31 27 31 38 26 1 27 27 45 49 14 13 46 86
38 23 42 20 26 62 85 33 19 11 111 15 54 34 114 19 39 44 46 25 42 86 89 14 13 26 12 36 22 33 30 44 16 154 126 99 91 36 2
45 18 60 62 115 5 84 3 99 126 33 54 28 82 11 15 22 33 19 19 39 49 115 43 10 147 126 24 5 19 48 147 22 47 20 1
84 45 44 43 17 63 129 19 11 15 19 84 45 86 89 14 13 91 36 154 37 53 4
45 147 126 105 17 62 84 48 9 136 69 6
45 28 94 44 3 59 111 69 22 102 54 53 60 85 37 107 99 63
45 44 3 17 10 9 91 36 42 114 42 34 89 29 102 54 86 63 21 33 115 43 17 0
45 44 3 17 10 9 91 36 89 42 25 142 30 20 18 53 4 132 4 22 28 19 10 9 105 111 69 6 48 27 2 27 2 2 2 2 2 82 2 9 22 105 21 42
45 59 85 85 69 126 52 41 109 14 48 2 2 2 2 82 82 2 27 2 2 27 2 2 2 49 54 20 52
45 68 47 26 39 114 142 22 43 5 18 60 69 22 16 42 114 94 59 33 154 126 41 14
45 129 19 22 114 37 60 34 1 0
22 35 91 18 25 42 86 14 48
45 44 5 14 13 20 117 142 59 20 15 117 117 7 7 109 48 2 32 27 27 2 45 8 19 13 60 96 22 47 142 43 117 115 60 62 69
44 43 4 41 69 9 60 96 82
30 1 59 86 37 129 42 102 54 34 68 53 42 114 142 28 19 11 15 69 6 84 69 38
38 23 96 13 60 96 54 86 96 154 126 17 62 115 60 69 39 30 1
38 40 84 43 62 44 99 85 47 53 4 22 126 16 147 126 17 96 19 22 40 42 44 16 94 39 40 9 136 63 62 84 19 22 21 25 96 82 38
82 44 16 3 24 59 69 126 17 63 25 4 109
38 23 44 3 17 10 9 99 91 36 89 109
27 38 8 53 4 82 22 40 33 44 59 63 29 54 86 63 21 33 115 17 69 109
27 38 114 69 39 44 8 18 12 4 22 28 19 132 39 44 16 154
45 129 147 9 17 14 13 28 142 35 91 104
45 40 37 91 34 37 12 36 19 22 43 24 53 4 6 39 44 35 17 96 115 44 59 136 104 27 27 147 104 32 38 89 34 34 42
154 86 89 114 154 23 89 34 96 126 17 10 107 111 136 10 9 111 15 44 105 15 10 9 136 63 25 4 126 105 46 47 7
45 8 85 44 37 25 33 10 9 111 99 21 29 44 16 24 8 85 44 16 147 126 3 99 62 6
45 117 109 22 49 14 13 117 83 31 27 31 31 31 31 31 27 31 31 83 31 31 83 31 31 31 2 104 154 2 19 126 52 42 117 115
54 25 4 9 105 29 86 47 7
83 154 99 115 40 142 117 42 34 117 19 11 111 52 6 48 82 82 82 2 27 31 31 31 31 31 38 104 31 31 31 147 104 31 31 31 45 117 23 117 7
45 26 30 3 62 60 37 33 18 12 42 114 42 102 14
38 23 42 86 30 16 16 37 33 18 12 42 42 21 102 14 39 30 1 2 83 27 83 31 27 27 27 27 27 27 27 27 38 23 34 3 24 37
66 86 89 114 154 23 89 34 96 109 48 147
38 17 10
27 45 30 102 14 22 85 89 14 82 48 27 27 27 27 27 38 23 117 42 34 42 49 68 53 42 28 142 86 42 28 19 11 15 69 107
86 42 21 37 33 18 12 4 13 43 17 0
38 23 34 37 16 37 33 18 12 36 154
15 18 12 19 147 13 43 136 0
45 41 24 117 142 86 7 19 126 52 24 69 48 83 83 31 31 31 27 27 31 27 2 31 27 27 27 31 45 40 154
38 23 34 20 17 41 69 126 114 102 14 54 49 14
45 21 37 142 34 68 53 42 34 49 19 11 59 37 129 7
0 109 13 28 142 35 91 10
45 40 21 37 91 34 37 12 36 19 22 16 7
38 53 43 155 39 44 35 136 96 115 34 59 10
53 36 147 43 16 82 126 20 21 85 150 10 9 111 24 33 19 10 9 136 63 25 4 126 29 63 25 18 34 142 49 14 84 19 22 20 62 86 89 114 154
96 142 17 10 22 34 42 49 14 22 40 89 109 48 32 31 27 31 45 47 26
104 45 114 37 38 25 4 22 105 29 86 42 102 54 86 96 10 39 34 42 34 94 142 115 44 18 111 15 69 6 48
45 114 42 114 54 37 114 154 126 105 46 66 42 49 115 43 17 63 29 19
38 25 115 3 111 69 13 66 114 54 8 18 53 4 132 6 11 17 107 41 62 142 30 1
45 25 96 4 126 3 47 43 16 29 7
45 86 37 62 40 107 41 37 37 25 62 53 4 39 34 94 21 29 154
45 8 25 115 3 99 63 5 54 91 12 36 14 84 4
44 3 60 18 85 142 28 10 39 42 28 154 147 126 105 62 6 69 22 16 42 40 2 27 38 126 105 46 29
38 8 68 60 105 43 21 5 109 86 102 94 91 36 82 84 102 14
22 40 96 84 22 43 16 42 40 154 126 105 29
45 102 14 22 35 41 69 126 96 37 20 4 22 16 104
45 8 42 86 42 20 37 14 13 91 36 13 17 10 37 40 154 9 105 46 7
2 45 8 60 69 102 37 12 42 43 17 41 0
35 26 53 43 16 54 43 82 21 46
45 35 60 17 10 147 126 24 5 14 48 32 45 23 89 25 4
42 129 84 84 19 11 111 15 69 6 82
45 21 16 19 9 105 12 4 44 40 154 41 62 89 19 11 15 69 48
45 28 154 111 12 36 10 9 26 36 35 26 115 8 21 46 150 10 9 136 96 19 22 105 12 89 102 13 28 19 84 9 136 35 99 63 59 85 154
45 28 82 40 82 105 46 66 42 49 115 43 62 63 33 29 49 54 3 107 111 15 69 115 34 49 54 49 115 18 53 4 6 84 43 107 41 0
45 25 42 34 142 3 16 19 13 105 12 142 40 154 9 24 96 19 11 15 69 84 4
2 38 23 68 107 37 33 49 84 9 21 29 10
45 20 18 12 4 22 28 19 132 39 44 16 19
45 21 17 37 25 89 7
38 9 41 63 99 10 126 5 84 3 99 35 136 9 136 15 5 84 147 126 21 46
38 6 13 99 136 21 85 18 12 36 14 54 114 46 86 42
10 39 44 16 142 8 115 40 19 39 47 14 48 27
9 21 33 54 45 114 49 14 109 22 8 96 6
45 28 142 68 47 89 115 43 10 147 126 24 6 48
45 8 19 39 20 53 4 22 40 42 44 3 111 105 8 142 28 10 22 42 28 147 126 105 62 84 48
132 19 22 21 42 49 39 59 10 22 5 11 3 99 105 8 142 28 84 19 22 21 42 34 42 86 42 30 20 6 13 91 36 109
9 99 37 25 4 109 84 44 104
82 13 43 62 33 20 62 85 85 43 15 36 19 22 40 19 9 136 54 102 14
38 23 68 91 89 43 8 33 96 22 33 94 44 5 54 49 54 147 60
22 16 19 126 26 69 39 20 18 29 4 84 9 21 33 94 44 16 10 27
38 23 44 35 111 69 84 22 35 136 10
104 147 126 99 96 10 22 28 37 44 59 29 10 39 34 7
32 38 41 10 19 22 43 16 52 16 104
31 19 11 15 69 6 84 82 104 48 27 45 126 105 29 7 109
45 8 18 12 36 94 44 62 115 54 53 37 21 33 54 43 107 0
45 114 142 22 59 117 154 24 19 22 40 7 19 83 83 31 31 31 31 104 45 104 32 32 2 32 27 38 23
109 13 40 154 99 62 115 26 52 25 1 32 104 83 31 83 83 83 83 32 83 83 83 83 83 83 22 30 20 1 46 66 7 83 83 83 31 31 31 27 31 31 31 31 31 27 27 27 27 38 104 31 27 27 27 31 2 82 2 27 31 27 2 2 2 2 31 31 27 31 27 38 8 154 126 105 52
45 25 59 33 18 111 15 69 6
45 68 60 142 33 63 49 54 102 39 34 89 34 94 34 18 111 12 5 115 40 10 147 126 24 5 6 48
38 23 63 34 37 53 115 29 7 10
31 6 13 59 10 5 6 19 11 15 69 37 25 23 96 115 28 142 28 7 38 126 105 111 6 13 28 42 35 26 37
38 23 68 53 136 114 94 30 1
38 40 154 126 105 29 19
27 45 33 19 126 25 6 13 59 37 5 6 11 15 69 115 25 96 115 28 142 28 35 91 36 89 49 14 13 28 142 35 26 104
38 23 89 49 155 13 25 69 154 21 29 150 39 34
96 84 69 22 16 154 9 105 29
38 23 25 142 34 96 6 39 28 37
38 23 94 28 147 126 53 6 39 34 68 26 62 85 150 6
45 41 99 85 37 86 18 53 4 22 28 19 132 39 44 16
38 23 47 21 46 89 14 84 22 46 66 117 14 48 27 27 2 2 2 2 2 27 2 2 27 45 30 1 82 2 27 31 31 27 45 30 52 83 38 151 63 30 1 31 31 27 27 27 38 23 52 17 10 154
39 66 63 16 37 43 68 12 115 14
29 34 94 21 20 18 111 15 69 84 45 129 19 84 48 38 105 46 1
38 23 68 23 68 60 33
19 11 16 3 136 154 5 115 49 94 39 34 147 85 89 13 40 154 99
38 12 13 29 142 44 35 12 13 20 17 9 136 107 60 126 26
82 49 84 154 105 29 4 20 111 3 99 63 104
32 2 22 40 94 25 4 22 102 84 9 3 99 26 63
45 102 84 147 105 29 4 8 3 99 63 7
45 24 37 22 102 9 42 129
94 53 4 132 22 59 154 136 7
84 142 28 147 33 19 22 16 35 12 126 99 24 52 6 48 2 83 31 31 2 82 2 27 31 27 82 2 27 31 27 45 42 20 7
94 53 4 9 22 59 7
45 105 12 19 13 43 17 99
38 23 63 25 117 14 48 83 27 38 104 82 13 86 142 117
45 40 35 91 36 34 7 37 91 36 7
38 104 22 16 21 25 19 6 39 44 35 136 96 115 44 111 136
27 45 28 37 99 111 115 17 41 6 22 43 154 9 24 150 142 86 47 43 16 21 46 150 10 9 136 63 117 102 14 48 27 27 27 27 27 38 104 27 2 14 13 28 142
91 34 37 12 36 4 22 16 21 25 4 6 39 44 35 136 30 115 44 59 136 104
38 23 96 37 30 1
126 28 14 13 41 13 43 17 0 27 27 83 31 27 27 109 13 28 154 35 91 1 104
45 40 154 91 34 37 12 36 4 13 22 16 21 25 4 39 44 17 96 115 44 59 16 104
45 28 126 111 5 115 86 142 66 89 114 4 154 23 89 114 3 17 37 114 42
13 96 10 22 16 42 49 84 48 38 126 105 29 2
45 41 99 69 33 54 114 89 53 109
19 11 15 69 115 69 35 44 16 21 33 7
45 99 62 8 68 53 85 114 142 28 84 19 11 15 69 84 126 114 54 86 94 94 25 4 22 5 84 82
82 43 62 33 150 142 86 7 38 9 24 69 13 29 28 109
82 13 43 16 94 30 53 25 37 34 89 7
129 94 53 42 132 147 22 59 40 7
0 21 33 19 39 49 14 13 28 154 35 26 104
22 40 37 91 34 37 12 36 2 22 16 21 25 4 39 44 35 17 96 115 44 59 62 10
45 30 20 15 94 25 37 3 99 63 104
45 37 25 102 14 13 28 142 35 91 104
45 43 37 91 34 37 91 36 19 22 16 21 25 19 6 39 44 35 17 96 115 44 59 136 7 2
38 23 18 46 25 37 3 99 63 34 37 49
48 38 24 33 142 28 7 38 22 43 24 69 6 48 2 2 27 45 40 154 126 105 29 109 83 31 45 33 19
22 40 154 91 34 7 38 12 36 19 22 16 21 25 69 6 39 44 35 136 96 115 44 104
38 12 20 5 54 49 84 22 16 37 136 154 5 54 49 39 34 40 154 147 85 89 13 40 154 99 52 154
38 12 36 19 22 114 68 23 142 86 18 12 4 22 28 19 82 25 4 22 5 6 84
38 23 35 21 12 68 53 36 37 44 16 18 25 4 13
38 12 10 9 91 36 89 34 37 129 14 84 22 16 19 126 23 96 19 82 40 42 102 19 115 52 26 62 69 6 82
45 13 43 42 34 18 12 4 147 28 19 132 39 44 16 48 94 94 117 102 54 20 59 60 104
45 20 18 12 4 22 28 147 132 39 44 16 26 22 30 1
45 102 14 13 29 142 35 91 60
45 40 37 26 85 85 114 154 91 46 25 4 39 44 35 136 96 115 44 59 136 2
82 40 19 22 43 16 37 6 13 40 154 48 9 99 85 4 22 86 129 19 13 20 60 3 8 37 29 37 99 62 6 13 86 63 42 49 14 13 86 89 25 59 12 4 39 34 89
38 151 89 47 20 18 53 4 22 28 19 132 39 44 16 9 45 30 1
45 28 115 28 117 117 23 89 115 44 59 104 31 27 147 104 83 38 104 27 38 104 27 147 104 38 104 31 31 38 104 31 31 38 151 89 53 117
114 37 29 102 54 86 21 5 13 43 107 107 82
9 136 10 147 126 24 5 84 49 84 43 136 63 29 53 4 39 44 59 33 154
82 45 129 84 154 21 29 14 13 91 23 1
45 114 19 11 9 41 24 85 89 29 20 62 34 35 111 15 69 6
38 23 89 13 43 62 102 9 105 91 53 4 22 114 37 3 99 63 96 39 44 142 105 91 36 89 14
45 86 42 49 13 28 19 22 44 21 46 117 150 39 44 35 105 12 42 117 102 14 48 31 27 27 27 2 2 2 27 45 23 63
45 28 10 39 44 16 9 105 91 36 89 109 14 48 27 27 2 27 27 27 27 27 38 24 37 33 129
9 105 12 69 13 43 17 62 33 142 34 154 99 69 154 136 154 21 29 142 49 84
9 99 115 114 142 86 85 10
38 23 37 40 10 39 44 16 69 86 63 37 30 1
45 21 37 33 42 49 14 14 13 66
68 53 21 44 21 46 53
45 42 20 26 69 13 26 12 89 115 20 59 52 24 52 23 18 26 62 69 13 15 69 115 117 59 24 142 30 117 83 31 31 27 31 31 31 31 31 31 31 31 31 27 27 31 31 31 31 27 27 31 27 31 31 31 27 31 32 48 83 83 83 32 83 45 68 26 52
82 126 85 47 85 29 37 102 84 147 126 53 68 26 99 37 33 19 6 9 21 43 16 136 0
45 129 94 114 94 114 25 34 96 19 22 16
45 102 115 25 21 129 94
117 52 24 117 43 12 63 86 42 129 7 27 38 23 89 109 48 27 27 27 38 99 107 37 129 14 48 38 126 105 46 114 109
10 45 25 42 49 54 17 17 154 26 6 13 40 37 17 0
45 35 91 68 60 69 35 111 94 33 19 22 114 142 44 94 44 59 1
82 13 114 47 85 10 39 44 20 111 33 42 44 42 34 96 84 16 37 126 60 5 6 22 3 99 5 54
35 17 37 43 33 42 94 114 25 38 26 69 39 44 16 7
45 129 94 28 42 25 18 23 47 21 1 2 2 45 68 129 42 102 13 53 111 24 46
37 25 21 33 82 114 10 114 147 126 17 69
45 22 40 147 126 60 69 22 43 21 29 109
45 30 20 18 12 4 22 28 132 39 44 16 104 147 126 99 96 10 22 28 94 44 21 29 39 34 7
9 21 12 94 44 43 107 91 23 89 129
30 66 23 4 94 49 84 126 5 19 84 22 33 147 126 41 21 33 129 2
45 40 10 22 85 89 84 22 44 16 82
45 68 53 4 6 84 105 8 3 17 10 147 126 24 5 6 48
9 17 115 40 147 126 105 25 136 68 46 23 7
129 42 44 16 60 69 82 40 37 44 47 53 4 109
38 22 40 42 114 66 20 21 33 19 22 114 43 41 6 22 8 37 43 16 8 18 25 4 37 25 59 33 129 54 43 18 29 10
9 136 21 33 14 22 34 4 147 126 96 19 39 44 85 85 59 5 6 48 31
82 8 18 60 6 11 62 44 16 7
7 9 136 63 12 4 84 105 17 14 48
9 136 21 33 94 34 35 17 154
9 17 37 33 19 126 66 150 39 34 89 14 48 32 31 31 31 2 27 27 2 45 25 142
49 14 13 28 19 11 21 29 150 39 44 3 12 42 37 25 4 109
48 22 44 43 17 115 43 21 46 42 36 142
5 22 114 19 22 28 19 22 86 154 40 35 41 0
82 147 126 26 69 22 43 18 29 42 86 7 2 27 2 2 27 45 129 54 34 18 12 4 83
39 44 16 154 3 91 89 14
38 12 30 20 25 37 42 129 94 84 19 22 16 154
38 9 136 21 5 115 43 17 96 142 17 0
94 21 33 82 9 99 63 8 84 48 9 105 8 115 34 63 33 19 84 9 99 63 34 68 91 36 42 49 115 142 8 115 68 53 18 25
129 42 8 115 96 2 9 21 46 20 3 62 115 115 34 89 46 1 2 27 32 27 27 32 38 23 85 21 5 19 126 40
114 19 6 84 147 9 21 33 47
89 33 84 82 9 99 63 12 6 39 44 16 142
14 13 26 36 142 40 19 22 16 154 126 105 29 154
82 37 35 53 47 8 18 8 142 28 37
9 99 10 39 44 16 142 24 35 91 36 89 109 142 43 17 115 49 84 43 96 115 28 42 40 35 111 69 22 40 84 19 39
38 25 59 5 6 9 136 96 10 30 44 16
45 8 94 37 53 30 86 42 20 53 142
42 30 25 37 84 82
2 45 114 10 39 44 16 142 49 54 68 60 107 37 33 29 42 49 54 13 20 59 111 0
38 39 44 16 19 6 9 105 12 96 6 6 48
94 3 99 107 6 22 37 25 21 33 44 21 53 4
38 34 42 28 147 126 5 84 105 62 69 22 40 37 23
54 25 44 18 107 136 82
45 8 34 42 49 54 68 60 69 54 44 59 111 136 0
38 23 89 37 30 20 18 12 4 22 28 19 132 39 44 16 69
45 49 54 68 60 69 54 20 59 62 94
68 17 69 54 44 59 136 37 46
45 44 60 111 15 1 142 5 14 6 13 43 17 96 39 34 42 86 68 111 24 1
69 13 34 37 33 142 28 19 126 150 6 39 34
45 21 33 30 25 4 126 111 24 59 1 27 27 2 32 32 2 31 2 31 45 5 14 13 52
37 25 4 40 154 126 105 29 142 49 14 13 43 62 105 111 15 69 6
45 25 94 42 33 94 43 62 126 53 84 22 43 3 59 150 20 35 111 69 66
44 40 154 114 25 4 6 48
63 25 4 22 29 102 14
45 129 20 18 12 4 22 28 19 132 39 44 16 109 48
82 38 99 62 63 47 66 86 19 115 49 84 22 34 96 109 48
30 42 114 154 105 29 109 82 2 27 27 83 31 31 45 8 68 60 107
38 23 44 59 26 109 6 48
38 23 68 26 85 99 96 69 13 44 16 7
45 37 25 53 85 96 6 9 29 19 109 19 22 40 33 44 16 31 19 6 13 43 35 136 37 40 10 45 86 66 63 14 45 25 4
38 21 33 94 20 43 3 8 96 22 40 37 46 109
38 23 89 114 10 9 105 5 10 22 86 86 45 25 18 26 3 99 96 19 22 40 37 25 35 96 6 9 29 19 30 49 14
82 37 53 4 114 37 30 20 18 12 4 13 28 19 132 39 44 16 19 13
38 60 62 69 14 13 91 36 142
63 5 129 3 41 99 15 69 84 2 82 126 105 46
86 35 52 105 25 4 84 147 126 136 41 96 14 82 7 19 48 27 27 27 27 31 31 31 31 27 31 31 38 8 115 47 104
45 23 18 5 9 17 10 9 24 52 24 117 30 44 52 91 1 154 27 27 27 27 27 2 28 31 32 32 2 27 27 27 27 27 45 68 60 107
45 43 16 21 46 53 63 8 33 94 114 37 43 16 18 53 142 102 115 40 10 147 126 24 5 14 48
147 12 42 43 62 53 85 86 96 82 39 28 42 49 94 41 105 111 15 84 104 2 154 126 105 29 7
38 126 12 46 66 89 150 94 28 37 15 89 49 14
47 20 62 63 34 10 39 44 21 84 147 126 24 63 129 42 34 115 34 89 14 13 26 53 109
38 23 89 13 43 17 21 49 54 43 62 33 13 43 96 142 44 105 12 142 3 99 63 91 36 3 99 63 37 47 20 1
45 25 85 114 37 21 43 99 63 33 42 129 19 84 9 105 62 52 0
38 25 4 22 86 20 18 12 4 22 28 19 132 39 44 16 142 102 14 84
45 25 59 21 33 19 126 105 17 62 84 22 40 154 147 126 17 96 14 22 40 2
45 129 37 12 150 84 22 86 37 25 21 33 19 126 3 17 62 84 22 21 42 25 4
45 40 35 99 63 96 142 25 18 12 42 43 111 26 62 142 49 84 9 111 25 115 34 7 47 20 1 59 10 147 126 24 5 84 48
45 28 109 22 68 43 24 136 63 8 2 19 84 9 105 52 7 31 27 82 2 32 2 109 13 17 0
45 102 14 13 25 21 33 69 126 9 99 8 69 22 29 42 28 9 136 18 12 35 8 34 7 19 22 40 39 43 24 33
45 5 94 44 42 111 85 89 49 14 39 129 94 86 37 25 33 6 11 43 15 69 94 114 42 29
38 40 37 25 59 33 18 15 69 84 104 69 126 105 29 7
45 68 126 59 33 42 28 42 25 34 42 86 89 114 10 39 44 16 35 33 63 114 4 14 48
38 23 18 53 4 115 40 6 13 43 16 63 114 37 33 94 43 69 126 114 142 25 25 4 19 126 105 29 66 63 66 23 5 115 107 99 136
27 19 11 43 37 33 44 59 5 54 25 104 38 126 105 46 7
45 16 16 42 20 34 19 9 136 68 46 23 4 84 43 17 63 34 16 37 28 2 9 21 19 39 30 1
45 37 16 9 3 99 69 126 44 16 94 44 21 33 42 25 4 84 9 91 21 33 42 43 62 147 53 8 18 8 69 22 68 60 104
38 23 35 3 99 105 60 17 94 47 68 60 62 102 115 60 16 69 22 34 68 53 4 19 22 25 37 5 54
23 89 34 42 59 60 10 27 45 33 19 39 49 94
20 107 91 36 89 42 86 82
38 39 44 21 46 42 40 10 39 16 35 29 34 142 109 13 25 96 7
38 126 105 26 84 17 154 22 29 10 22 23 96 13 7 142 40 37 86 34 68 17 69 22 33 44 16 10
45 5 42 8 33 42 34 154 53 69 39 28 142 40 42 40 37 23 89 114 37 53
38 23 63 23 89 7 2
126 21 33 94 44 62 54 37 102 14 48
45 86 89 22 21 5 84 22 86 89 10 22 150 39 86 63 3 111 69 6 48 104
45 21 142 114 49 54 49 14 84 126 35 41 0
48 45 35 91 18 8 37 24 63 2
45 21 33 19 22 33 17 19 11 111 15 69 22 5 109 49 14 13 86 19 11 111 15 69 13 49 54 40 37 23 89 34 147 59
37 49 13 29 7 19 11 15 69 115 25 54 40 154 9 105 29 109 48
38 23 89 109
45 21 33 16 107 41 41 142 85 25 4 109
109 86 96 10 9 99 63 126 99 3 37 30 7 83 83 31 27 27 2 2 27 27 27 2 2 82 154 2 2 27 154 126 105 46 47 117 7 83 109 109 83 27 31 2 32 31 38 23 89
38 136 10 147 126 24 5 84 147 43 21 8 17 37 129 7
38 105 10 9 41 24 5 14
62 37 30 44 5 54 37 35 91 7
38 126 105 26 5 84 42 105 99 42
38 45 49 54 114 142 40 54 59 85 147 126 41 0
38 23 89 28 147 126 111 6 14
154 43 21 33 154 60 63 33 96 10 9 24 5 6 13 107 99 63 33 49 14
38 20 10 22 43 17 69 6 48 45 99 3 16 63
45 25 21 17 37 129 7 45
82 8 18 53 89 43 136 32
45 34 42 34 7 142 28 94 18 12 4 22 28 19 9 24 5 84 3 99 63 29 10
4 42 28 147 126 111 6 54 33 7
22 21 46 25 82 49 6 13 86 7 19 11 15 69 48 27 27 32 27 38 23 89
47 53 63 17 14 22 114 29 68 60 1
45 25 18 60 0 69 6 11 43 62 33 44 52 83 31 2 2 27 27 27 45 40 94 20
37 17 63 8 142 9 41 0 32 48 2 38 23 63 21 85 53 42 7
18 52 3 94 42 102 14 48 82
2 147 126 41 21 46 150 10 9 99 63 49 84 48 22 21 29 7
45 44 43 3 17 14 13 86 42 25 4
30 53 35 16 10 22 29 117 25 42 129 147 126 136 96 6 84 22 35 41 12 30 53 6 13 40 10 147 126 24 5 22 28 142 40 142 105 43 21 126 26 62 84 22 35 41 105 25 4 126 105 46 29 42 102 14
45 68 43 35 8 37 43 3 99 91 36 37 44 21 33 154 12 42 126 17 10 9 136 96 19 126 105 12 89 86 19 82 40 10 9 99 85 150 14 13 23 89 86 42 129 30 5 84 48
45 28 82 53 63 43 21 33 42 129 14 13 46 42 34 10
19 42 44 3 111 15 69 84 82 22 34 7
4 22 40 9 24 33 142 13 23 7 42 86 142 27 32 27 45 8 94 44 17 14
63 43 105 17 10 22 114 29 18 60 2 2 27 32 48 2 45 21 44 17 0
69 39 66 63 48
82 114 25 59 21 33 129 14 48 9 105 111 136 21 46
38 23 37 53 63 7
45 21 44 16 21 33 35 41 10 37 25 4 84 82 2 126 12 29 66 47 7
38 23 37 53 85 29 3 17 37 43 21 33 42 54 53 4
22 114 86 42 5 14 13 105 66 63 85 63 28 19 84 147 59 35 8 96 48
82 45 8 94 42 33 43 16 94 44 16 62 115 43 107 99 63 33 86 42 102 54 53 89 114 142 59 60 69 10 82
45 21 33 19 48 9 16 94 44 62 84 49 54 68 60 99 85 34 18 12 4 84 22 28 19 132 39 129 44 16 109
38 23 68 53 85 18 53 4 22 28 19 132 39 44 16 142 68 60 136
9 41 115 17 142 8 115 3 99 35 17 9 99 111 5 84 147 126 21 46 117 48 82 154 27 27 27 45 49 13 68 60 26
147 126 99 96 6 22 34 63 25 115 40 10 9 136 96 39 34 35 17 0 142 49 14 22 34 96 84
45 8 94 34 54 10 9 41 115 17 10 22 5 115 37 136 63 43 69 9 136 111 15 84 147 126 21 46 25 4
45 49 54 102 115 43 107 99 3 62 6
82 115 43 17 21 94 44 142 147 114 96 10
47 43 37 86 42 85 115 43 41 47 114 19 11 111 15 94 3 105 12 36 142 114 53 142 114 82 13 23 89
38 23 115 37 33 37 53 85 5 6 22 29 42 28 154
2 9 17 63 43 37 53 4 35 24 69 6 22 43 16 94 30 1
45 114 37 21 33 42 25 4 25 37 8 37 29 150 54 86 63 21 5 54 60 107 41 82
38 23 89 84 43 21 68 26 99 0 104 2 27 45 102 37 12 4
45 126 105 46 150 109 22 102 14 48 83 83 83 83 83 83 31 31 45 2 31 2 27 31 31 31 31 27 45 28 35 12 4
7 42 150 10 48 2
22 150 39 86 63 3 111 37 22 49 14
45 37 17 3 66 7 10
45 68 114 20 37 129 7
22 20 59 69 126 17 41 0 83 83 31 27 27 27 27 27 27 27 27 27 27 45 23 89 12 42 59
45 44 52 17 14 13 86 42 34 42 102 115 53 23 117 16 10 22 114 66 42 25 1 27 27 27 27 27 27 27 45 114 105 99 107
94 46 59 85 86 10 147 111 15 26 69 6
45 21 18 12 14 84 22 43 15 142 35 3 94 44 7 35 12 82 23 89 43 24 46
38 28 19 6 84 9 24 85 68 23 43 28 10
147 12 42 43 60 3 99 69 8 37 102 84 22 34 89 14 84 2
2 45 40 16 42 49 13 23 96 115 59 1
10 9 24 5 13 107 99 63 25 4
154 94 43 3 99 37 115 34 53 4
45 16 42 28 147 43 96 9 24 5 154 126 53 96 84 22 35 41 24 111 69
142 86 89 9 59 5 6 48
38 111 15 84 147 136 35 21 29 154
19 22 105 52 18 25 4 22 59 115 142 43 16 42 33 129 7 31 2 31 27 2 27 31 2 2 32 38 126 105 29 66
23 89 23 89 21 43 16 19 9 105 91 36 82 115 40 37 43 16 42 129 19
82 30 25 14 22 86 63 17 0
48 22 37 25 23 89 114 147 59 104
23 37 16 19 9 105 91 36 142 59 9 99 154 19 22 8 35 91 36 14 13 82
3 12 4 126 114 89 102 39 34 89 84 21 33 94 25 59 1
38 126 21 37 94 34 25 4 39 34 96 37 30 1
45 49 115 28 147 126 111 151 52 52 117 4 46 32 31 83 31 27 31 27 31 31 27 31 31 31 31 31 31 31 27 45 33 19 22 117 17 0
38 41 154 9 21 34 154 9 126 34 94 44 5 6 84 43 136 7
27 9 3 91 36 142 44 89 25 142 25 59 12 4 39 34 7
86 10 84 42 28 147 126 15 35 136 15 154 24 1 154 5 6 48 38 32 82 2 32 45 8 154 31
96 154 9 111 147 43 8 142 32 47 154 136 104 12 36 94 82 40 147 126 99 69 126 69 84 22 8 35 111 136 82 2 45 117 114 94 114 154 82 114 82 154 82 147 107 99 107 24 40 154 27 83 45 40 45 34 4
45 46 96 22 94 44 16 37
19 13 17 94 49 84 147 126 105 12 42 21 20 17 15 19
84 147 43 37 44 35 136 63 60 136 38
154 23 63 44 16 17 14 39 86 42 1
45 40 39 25 85 62 14 13 43 63 60
39 44 35 12 37 23 89 6
45 30 44 5 54 25 10 154
38 23 42 86 42 49 84 9 111 10 9 136 63 33 10 22 114 34 42 34 142 34 18 111 15 69 6 84 45 25 4 2 126 12 83
32 45 129 37 12 3 24 8 154 83 83 27 45 37 102 14 13 109
9 111 21 46 150 10 9 99 63 29 109 48 2 27 9 24 5 6 13 23 34 42 86 42 34 5 6 48
45 37 53 59 33 69 126 105 62 115 40 154 9 111 69 22 37 29 39 34 7
39 28 42 28 19 22 40 34 44 18 111 15 69 84 69 32 2 22 8 42 34 37 91 36 89 129
38 23 89 42 25 46 25 63 25 4 84 9 105 1 16 21 85 16 37 129 82 2 2 9 136 10 147 126 24 6 48
22 28 42 49 54 68 60 104
45 129 39 30 34 19 22 44 18 111 8 13 25 7 35 24 1
19 13 43 62 25 109 14 13 49 115 14 84 22 43 15 69 22 40 37 34 89 114 147 59 26 10 132
82 28 147 126 23 96 14 39 129 37 8 18 12 4 22 5 8 18 99 63 104
82 84 59 62 69 39 114 29 42 86 68 60 104 38 91 114 84 4
154 9 21 154 19 11 15 115 43 17 96 117 52 115 111 69 22 8 69 39 28 154 48 31 27 27 27 31 31 27 27 27 27 27 27 31 27 45 5 54
37 23 89 28 94 59 60 6
38 32 23 89 13 43 136 0
45 49 54 49 54 68 60 69 19 11 15 69 84
40 13 86 7 19 11 15 69 115 34 5 54 40 154 126 105 29 66 7
45 40 154 22 85 29 42 115 37
47 19 11 15 69 6 69 82 104 27 27 27 27 22 23 35 30 117 30 14 22 129 154 27 83 83 27 27 27 27 45 30 66 53 117 136 0
9 105 12 36 19 22 43 21 33 68 53 35 60 18 25 18 53 89 99 0
154 38 126 15 69 22 18 25 6 13 40 18 29 37 86 42 129 10 39 28 84 19 22 129 68 63 34 147 126 21 33 150 39 150 13 129 42 28 37 59 85 69 126 41
38 23 94 28 54 68 60 111 91 46
32 45 28 19 13 34 35 60 69
45 7 96 10
38 22 40 59 85 129 13 25 34 42 129 7 49 115 43 21 46 150 10 9 136 63 40 154 126 105 29 7
45 114 42 86 68 60 111 12 36 42 43 17 37 53 4
22 16 10 22 102 10 109 22 150 14 13 25 34 42 86 42 49 84 49 14 13 49 94 21 91 89 18 60 136
45 49 13 47 53 63 111 37 23 115 34 96 19 39 66 89 54 37 1 35 111 69 6 48
45 40 37 12 147 43 17 10 22 59 60 69 22 5 6 13 28 19 132 39 150 13 25 34 42 86 34 14 48
38 53 85 47 66 63 16 147 43 62 54 25 60 63 114 3 10 147 126 41 62 5 115 28 37 25 60 8 6 48
45 8 68 17 37 59 44 35 26 69 6
45 23 42 114 37 12 42 17 10
9 111 107 60 21 46 44 17 41 3 16 21 29 19 40 68 53 54 53 37 114 89 44 16 154
38 136 10 147 126 24 5 10
45 40 9 24 5 13 43 136 63 49 54 16 8 17 99 37 115 25 1 16 37 129 86 89 9 21 5 84 22 20 111 5 84 147 126 105 46 20 7 42 28 147 22 8 115 54 53 89 82
27 45 43 107 41 0 126 105 29 7 2 83 83 31 27 45 21 35 104
9 105 12 4 126 40 9 24 96 84 43 24 5 48
38 13 17 12 6 11 62 85 44 16 37 25 4 22 37 25 59 33 147 126 105 17 5 84 22 16 42 49 84 45 126 105 85 66 86 7 2 31 27 2 2 2 32 31 27 45 37 129 154
38 8 18 53 4 22 28 19 132 39 44 16 154 154
38 8 154 9 59 111 69 22 37 28 19 22 22 28 147 126 99 96 13
6 13 43 21 46 33 54 68 60 99 21 44 21 33 42
37 102 14 48 82
45 35 24 69 154 17 115 49 94 44 40 147 126 34 89 30 25 60 82
37 16 126 25 4 22 40 7
142 86 42 49 115 43 17 14 6 22 43 3 99 10
38 23 94 44 37 25 3 111 60 69
22 34 68 26 21 46 25 37 40 54 23 89 114 37 20 60 9 136 3 99 63 16 154
82 13 40 18 60 21 33 85 43 62 85 69 142 30 44 18 53 4 22 28 19 132 39 44 16
114 9 41 115 8 17 136 10
38 5 115 3 99 85 17 9 136 111 5 84 147 126 105 46 18 25 109 13 40 37 25 59 33 42 21 33 154 111 69 84 40 18 46 150 39 34 68 60
45 33 19 44 96 142 47 43 17 154 142 28 19 11 15 69 84 49 84
45 3 12 36 142 86 114 142 49 14 13 23 89 142 8 59 1 27
38 26 17 37 20 42 114 37 43 18 8 17 37 34 42
104 19 11 15 115 43 24 33 42 7 59 117 28 19 11 15 69 6 10 109 32 45 28 154 32 83 83 117 2 2 22 28 10 32 27 45 136 19 126 66
45 13 43 21 62 126 20 142 86 154 21 37 115 53 4 39 34 47 7 83 31 2 27 2 2 83 31 31 31 27 2 83 27 27 27 45 86 30
44 37 8 3 62 85 102 54 68 60 3 8 7 2
9 136 37 29 42 129 10 22 34 85 129 14 13 25 89 34 42 129 42 49 115 43 21 29 10 9 136 63 40 13 25 96 22 8 37 29 42 129 132 9 24 86 47 104
9 41 62 33 53 89 59 85 49 115 17 35 62 6 9 24 33 154 91 36 37 28 147 21 33 49 14
38 23 68 91 36 147 17 12 37 20 60 3 17 147 8 42 102 14 22 85 89 13 12 42 43 62 19 22 43 16 35 111 40 104
2 45 68 26 85 129 14 13 53 89 34 42 86 30 150 6 48
38 23 17 3 17 69 114 142 25 18 53 63 16 10 13 29 42 53 104
45 28 53 63 17 9 66 46 5 54 68 60 37 60 96 19 22 43 3 99 63 29 129
19 22 23 89 28 42 126 59 33 54 115 53 60 62 37 43 17 37 53 4 132
154 21 46 25 3 99 0 14
45 28 115 53 117 59 5 115 40 35 62 10 9 24 85 86 42 117 147 21 117 47 14 48 27 27 27 27 27 2 27 27 27 27 2 38 82 69 22 23 68 60 0
45 25 59 33 84 22 35 41 0
38 23 43 21 12 68 12 42 43 136 62 94 30 1
45 33 19 39 49 54 40 37 60 69 6 48 83
45 42 86 42 44 46 25 68 60 126 26 10
45 28 142 20 126 15 142 22 49 14 13 129 7 31 31 27 27 27 31 45 40 37 8 115 23 47 53 117 136 0
69 22 43 136 3 29 49 39 44 16 37 28 147 126 34 7
38 23 89 13 43 111 91 36 6 39 43 62 85 44 43 99 63 33 19 147 126 41 99 105 8 142 86 29 42 28 154 22 8 29 19 83 27 27 27 27 27 37 68 53 4 109 4 45 129 19 7 31 38 12 32 32 45 34 18 53 4
39 129 44 16 82 9 41 115 17 10 22 8 94 23 20 59 33 59 53 4 28 45 8 29 19
5 13 114 42 34 19 154 22 44 99 10 22 46 7 82
38 126 41 47 59 7
45 44 63 85 9 24 63 28 19 11 15 69 109 109 14 39 30 1
38 23 89 25 34 42 142 43 115 96 6 9 99 3 99 10
37 25 59 28 10 154 26 69 14
10 54 86 129 39 44 43 15 46 114 89
47 47 117 5 13 117 109 117 83 31 31 31 31 83 38 52 22 117 66 30 154 82 154 31 31 83 83 83 31 31 31 31 31 31 31 31 31 31 109 109 83 31 31 154 126 85 46 47 7 83 31 83 31 31 2 31 2 2 2 31 31 38 126 83 31 31 31 83 31 31 2 31 31 31 31 31 31 31 31 31 31 31 45 5 14
47 53 3 99 96 19 22 40 84 11 43 62 44 16 7
85 94 43 5 54 40 10 22 53 4 142 114 142 30 20 18 12 4 22 28 19 132 39 44 16 107
45 86 89 14 13 91 36 109
154 66 30 85 85 10 9 24 136 63 28 19 11 15 69 6 84 45 30 1 83 31 83 83 83 83 83 83 83 27 32 31 31 27 2 2 31 27 27 45 40 54 20 59 107 0
142 47 20 15 37 25 69 10
45 49 14 39 86 30 1
38 45 28 142 49 54 68 99 8 96 69 126 91 20 8 42 28 147 126 105 62 6 48 109 48 27 27 2 31 32 83 27 38 12 19
53 89 84 45 68 29 19 22 28 19 132 147 126 105 99 62 84 22 28 147 43 115 26 3 99 96 19 22 37 53 85 5 6 9 105 29 19 22 33 42 44 16 2
45 25 142 8 89 54 43 62 85 18 12 19 132 19 22 28 19 132
16 142 86 89 14 13 91 36 69
9 21 68 12 19 11 15 115 34 19 44 21 68 40 10 9 24 63 34 7
38 23 89 109 13 86 89 14 48 147 26 53 82 142 28 42 66 117 86 89 14 13 26 36 142 53 47 42 34 18 43 41 154 8 35 117 31 27 27 27 27 27 27 27 27 45 40 68 60 69
44 42 44 16 35 111 34 69 132
13 86 89 54 25 59 150 54 8 18 43 107 69 114 68 29 82
45 20 18 12 4 142 28 132 39 44 142 86 102 54 68 26 104
38 36 42 54 13 26 4 83
22 114 102 54 20 59 24 34 37 13 91 36 27
45 28 13 126 41 99 85 29 19 19 39 85 16 7 154
54 28 147 126 16 142 114 86 19 132 147 126 105 62 6 22 59 10 22 5 14 48 27 27 38 23 42
28 19 11 15 69 34 94 44 16 63 104 9 136 34 42 49 39 114 42 28 7
38 8 18 86 19 13 28 37 126 21 85 154 111 69 13 40 18 29 14 6 48 2
45 44 43 41 69 154 22 114 42 29 7 154
45 49 84 147 9 105 91 36 69 6 22 35 41 0
82 38 23 3 99 18 53 89 43 46 114 19 22 34 37 115 20 16 7
45 102 13 4 147 91 63 43 85 33 96 22 40 19 11 15 4 54 42 102 14
4 23 40 154 21 33 19 11 15 84 26 62 69 13 111 26 12 36 142
38 12 42 44 5 115 34 42 40 35 91 36 14 14 48 32 27 45 25 37 21 33 94 23 25
37 68 111 69 94 44 5 84 48 45 129 94 132 9 41 1
45 40 42 25 109 22 68 17 19 13 43 136 0
28 154 126 24 85 19 22 34 89 48 27
45 28 19 39 30 44 33 54 60 37 25 4 48
38 107 41 24 62 6 39 30 1
38 12 42 8 33 42 28 154 21 19 11 15 115 43 17 63
45 18 25 4 13 40 154 9 99 62 115 28 19
2 9 99 115 40 142 28 84 19 11 15 69
2 22 8 42 49 84 16 37 33 154 99 115 35 22 28 42 42 28 19 11 43 111 12 69 109
82 13 86 96 115 34 42 102 54 34 7 31 32
38 40 154 147 126 99 96 115 26 69
38 23 115 21 44 3 17 3 59 60 63 7 2 104
45 86 7 142 28 68 53 19 132 22 18 12 4 11 43 24 1
22 28 86 54 142 49 84 9 21 33
45 8 142 28 19 11 15 94 42 43 3 99 3 136 35 53 18 46
82 34 42 49 84 82 39 29 42 44 114 94 44 16 63 43 10 9 41 24 63 63 46 47 7
9 99 63 33 19 114 8 115 25 37 3 99 35 114 147 126 40 35 111 69 22 1
82 23 68 60 62 109
82 22 16 37 25 85 5 6 9 105 29 19 22 28 42 44 16 2
45 25 37 8 85 102 54 117 85 18 53 4 22 28 19 132 39 44 16 19 39 47 30 1 32 83 27 2 2 2 31 27 27 38 26 15 3 17 0
0 45 94 44 21 5 115 86 37 20 60 69 39 34 89 7
38 91 36 114 10 48 19 11 52 37 82
154 59 63 35 43 41 16 6 48 2
82 44 21 33 84 147 22 34 96 37 60 69 22 28 40 2
45 114 154 126 111 69 82 39 150 19 13 105 111 3 111 114 2
38 99 63 8 29 66 89 9 21 8 96 115 17 37 49 115 20 18 53 4 22 28 19 132 39 44 16 19 13
45 102 84 9 99 63 17 37 28 147 126 8 68 53 42 114 142 49 10
38 23 89 49 84 43 99 63 16 42 28 147 126 96 154 99 115 114 4
142 49 84 147 43 115 22 25 69 105 26 14
126 26 34 129 147 126 33 29 142 40 37 26 26 36 9 41 0
2 126 99 85 7 9 24 69 22 34 96 154 25 42 34 42 102 115 34 37 25 91 36 9 41 0
38 12 36 14 13 53 4 126 59 46 86 69 40 19 22 43 52
38 12 34 42 68 53 117 142 86 102 19 11 15 69 39 30 117 96 154 99 115 40 142 28 19 11 15 22 40 142 117 1 2 27 27 27 27 27 27 83 32 27 2 38 26 17 69
38 53 47 85 99 99 105 17 37 129 84 22 16 37 41 37 8 37 8 115 68 25 63 16 21 33 19 84 9 136 2
45 21 33 142 44 18 12 4 84 22 40 84 147 126 111 62 104
38 23 37 43 3 17 14 39 129 19
2 45 8 142 8 117 150 84 82 11 26 15 84 82 45 46 1 2
45 22 43 91 36 37 25 117 5 6 9 105 46 150 109 25 23 89 2 2 45 114 42 85 115 7 34 18 12 4 22 28 19 132 39 44 16 82
82 147 26 62 69 14 13 91 36 109
37 25 4 6 39 30 20 1 27
45 40 37 68 60 26 111 53 3 17
54 53 4 22 28 42 49 13 66 35 53 85 89 6 11 59 150 39 34 7 154 83
45 28 68 26 62 136 69 32 32 2 2 38 12 36 154 24 19
37 33 14 19 22 43 136
27 147 8 96 8 60 69 22 86 35 41 109 109 86 89 14 13 26 52 109 48 32 27 2 27 27 27 27 27 27 27 45 8 42 86 42 117 8 60
38 12 96 154 126 111 69 84 22 85 47 86 42 5 84 126 53 115 19 22 40 19 20
132 9 59 5 84 82 86 42 37 25 18 12 1 42 33 42 129 3 17 154 126 8 69 84 22 8 63
82 38 23 68 25 18 60 3 17 19 54 66 86 42 42 114 35 26 62 69
38 23 18 117 37 12 42 114 42 89 29 19 22 44 63 49 6 48 45 66 47 142 47 147 12 36 42 86 42 96 154 126 15 69 84 22 20 16 21 66 89 35 91 36 53 82 82 40 37 8 89 109 6 84 2 2 27 2 27 27 45 37 23 89 2 4
38 60 3 17 6 11 43 62 94 44 16 7
45 8 23 142 114 42 49 54 68 43 107 62 46 18
39 44 16 142 86 89 13 91 36 4
45 42 129 54 25 5 54 68 43 17 21 46 63 43 111 4 132 39 117 7 154 32 27 45 13 43 62 37
9 41 54 22 28 68 26 107
22 114 142 8 69 11 111 15 69 6 84
147 12 39 11 43 62 44 21 33 54 44 18 12 4 22 5 84 147 126 17 0 104 27 2 32 45 114 42 86
82 25 89 54 68 43 96 19 11 15 6 22 43 136
38 22 8 37 25 85 54 43 21 29 7 32
91 36 3 99 96 19 22 40 16 7
13 17 18 25 42 44 18 12 4 22 5 84 147 126 52 69 83 83 31 31 31 2 31 2 2 82 2 2 27 142 30 33 142
38 23 89 44 21 46 53 63 8 19 22 40 19 11 15 115 28 82
82 126 53 54 114 68 91 36 14 13 68 46 66 47 114 84 147 126 17 0
19 9 52 99 10 9 59 5 109 14 48 83 45 28 32 45 27 2 27 32 126 15 69 22 40 2
142 33 68 60 63 14 48
38 12 10 9 105 47 85 115 22 3 111 63
38 40 147 126 18 26 84 154 126 105 29 109
45 5 84 19 53 4 22 59
45 114 53 142 86 19 22 40 68 53 126 16 154 126 105 29 19 62
23 40 9 21 85 17 96 19 126 99 69
82 38 8 19 13 60 69 39 28 42 102 94 35 12 36 39 34 29 7 1 32
45 68 60 111 36 19 132 22 23 96 84 9 105 1
82 11 15 69 13 142 42 44 42 10 22 47 114 37 26 34 37 3 26 36 25 42 86 49 14 48
82 126 12 154 105 62 85 43 99 3 29 30 44 33 42 23 89 7 82
45 8 69 22 28 42 28 42 117 53 63 21 33 22 12 39 117 1 31 31 27 2 27 31 31 27 27 2 27 27 31 147 151 26
32 9 8 63 37 30 23 89 19 11 15 82 28 42 34 109
9 21 85 17 96 19 22 111 69 32 2
38 8 69 39 114 42 33 42 53 63 21 33 84 35 12 10 29 7 20 132 104
38 12 43 3 99 105 8 18 20 16 18 114 37 35 62 19 11 15 36 19 6
19 11 43 43 3 21 60 85 42 102 54 28 42 30 23 7
2 9 21 142 49 115 43 8 96 19 9 43 99 69 0
38 111 69 13 28 42 49 3 12 10 39 29 42 20 1 27
38 151 21 33 154 91 35 12 42 16 85 34 18 25 10 39 44 42 8 43 16 82 11 111 69 126
9 21 42 34 17 63 46 1
27 38 8 69 39 34 37 49 94 105 12 114 10 39 86 63 1 10
38 136 147 28 1 7 45 18 25 4 22 99 17 154 22 25 42 109 13 40 68 60 10
2 45 40 68 26 69 126 62 54 53 34 5 6 13 46 150 39 34
52 63 41 3 99 111 136 104 31 27 27 27 2 2 27 45 30 150 14 19 22 43 52 104 31 27 31 27 83 2 82 84 39 117 85 14
48 147 40 96 60 69 22 114 47 7
45 126 43 96 9 21 33 42 86 42 102 84 19 11 111 15 69 6 48
38 12 37 21 33 47 114 7 147 126 3 99 62 14 48
38 22 21 42 102 14 84 39 129 30 1
38 12 150 14 13 53 69 59 29 2
45 40 68 60 63 34 35 8 6 48
45 28 19 117 142 43 69 11 15 69 6 82 45 2
2 19 39 20 18 12 44 5 54 114 102 84 9 99 63 62 42 102 84 3 99 96 142 40 19 147 12 69 84 22 44 18 12 4 22 40 84 147 9 136 0
45 105 12 59 91 36 142 126 23 89 147 43 35 8 18 25 6 22 114 96 22 16 35 99 96 115 21 91 36 69
45 21 3 47 115 18 53 4 4
45 43 59 12 4 142 3 99 96 13 25 34 7
45 89 25 54 49 19 11 15 69 6
45 22 105 12 94 10 11 52 62 89
37 25 37 8 5 54 20 18 53 4
132 39 47 16 154 46 1
38 22 21 33 68 60 69 39 34 68 53 4 126 33
28 19 11 15 69 84 43 136 96 45 7 45
45 68 60 3 16 42 49 54 20 29 86 89 13 91 36 154
45 40 115 17 5 84 69 22 33 19 22 28 37 7 42 5 115 25 12 94 86
129 37 12 42 86 19 22 43 21 29 7
45 25 42 49 54 68 17 69 13 28 1 104
45 102 84 9 99 26 54 13 34 147 43 99 85 33 150 10 126 59 59 5 84 22 28 126 5 54 44 111 69 114 85 47 49 84 19 22 40 84 45 35 41 0 2
45 25 23 89 49 13 53 142 117 52 52 117 155 22 40 147 126 52 117 89 83 31 31 31 31 31 31 31 2 2 31 31 31 31 31 31 2 31 31 31 27 27 31 31 31 31 31 31 31 45 68 60 53
19 126 26 69 84 22 114 43 7
38 23 18 53 59 33 42 129 42 44 16 2
38 60 3 21 7 19 39 129 19 22 43 63 44 16 2
45 68 17 37 49 84 147 91 36 7 2
45 20 68 60 85 86 96
2 147 126 99 96 19 147 12 4 21 33 54 129 19 13 60 105
68 60 12 69 142 86 142 35 99 105 60 69
38 23 114 142 86 142 44 60 85 107 60 69 6
45 33 19 84 9 99 96 84 43 105 12 4 22 25 69 39 114 142 5 39 114 94 114 42 33 53 89 86 19 11 15 115 17 63 86 44 3 99 35 17 136 37 8 96 2
45 21 33 25 142 18 53 84 22 42 28 10 9 24 62 21 33 25 37 105 12 42 37 129 132 9 24 1 2
45 105 111 18 8 4 22 40 42 49 84 9 136 7 2 27 45 49 84 9 99 63 52
45 21 33 84 9 24 105 53 4 109
45 21 5 84 9 3 91 36 4
45 8 18 25 10 109 22 25 117 109 83 2 2 2 31 31 31 31 2 31 31 45 41 99 0 31 2 2 32 83 83 52 32 83 83 83 104 31 31 31 31 31 31 31 83 83 31 31 27 31 83 83 48 109 83 83 83 83 83 83 83 83 83 83 83 83 83 9 136 62 3
38 23 35 8 115 109 22 40 104 22 43 111 69 6 48 83 83 31 32 31 31 31 32 2 32 83 45 40 13 91 36 4
22 40 54 68 43 17 3 46 59
60 63 33 19 11 21 34 142 25 115 34 68 8 69 11 15 115 43 17 117 109 83 31 31 31 32 32 31 31 31 31 31 32 31 31 31 31 32 31 31 31 83 32 2 2 27 31 31 31 83 154 111 69 11 111 37
3 99 96 115 82 35 24 117 1 117 147 104 83 31 83 27 31 31 83 83 31 82 83 83 83 147 151 32 83 31 31 2 83 147 132 32 83 83 83 83 83 82 2 31 31 27 38 151 32
19 11 15 69 22 52 83 83 83 83 31 31 83 83 31 31 31 31 31 31 31 31 31 83 31 31 31 31 31 31 31 31 83 83 32 83 83 83 31 31 83 83 31 31 27 31 31 31 31 27 2 2 2 31 31 45 136 154 117 66
17 37 8 42 114 42 53
147 126 21 33 14 13 91 36 4
147 126 24 33 89 13 91 36 4 109 83 83 32 32 31 31 83 31 83 31 31 32 38 40 2 38 12 109 22 43 52
45 29 42 114 18 60 69 104 27 27 31 31 31 31 31 31 83 32 31 22 29 42
32 45 68 60 10 22 46 7 48
20 43 37 114 69 9 99 16 86 34 18 12 4 22 28 19 82 39 44 16 142 28 40 14 13 91 36 142
35 111 107 105 25 54 40 6 13 46 59 42 86
96 115 53 4 22 49 54 34 59 136 0
45 40 142 28 19 84 19 39 33 117 42 28 82 126 105 52 0 69 6 48 83 83 83 83 83 83 83 83 83 83 32 83 83 83 31 31 31 31 83 31 31 31 31 31 31 31 82 22 8 18 26
22 46 47 60 3 99 96 22 40 39 43 62 33 94 44 16 7
126 53 6 84 142 34 94 59 41 21 102 14 37 129
69 9 85 150 6 39 44 16 154
45 25 142 22 117 6 13 117 7 83 83 83 83 2 27 31 83 31 2 2 2 82 2 2 2 83 83 83 2 82 30 117 83 83 31 31 2 27 27 27 2 38 83 109 83 31 31 32 2 38 26 47 150 10 39 47 1 83 2 31 31 27 27 31 83 31 31 19 22 52
20 62 60 69 126 105 29 109
45 21 5 13 23 89 117 89 22 40 19 11 15 69 6 48 83 38 82 2 31 31 31 31 31 31 31 45 21 102 10
82 23 89 29 89 14 13 43 105 8 96 142 25 37 33 53 37 68 60 107
13 129 42 129 10 126 41 62 1 104
82 9 21 33 19 39 49 84 147 126 41 22 129 25 1
84 38 43 37 33 47 21 59 5 6
45 28 37 12 3 62 69 22 46 86 142 102 84 147 126 105 46 7 19 32
38 12 19 20 96 154 40 42 44 5 84 9 99 115 8 142 114 37
19 11 15 69 6 48
38 23 63 37 30 150 84 48 9 105 29 109
45 28 147 22 43 96 84 9 99 8 142 28 94 28 19 11 15 6 22 34 25 89 20 25 3 136 154 105 29 10
82 38 99 8 18 25 18 12 4 94 86 19 32
45 28 147 126 111 96 6 48
45 68 53 117 142 28 142 42 28 19 11 15 69 6 84 109 27 2 2 27 27 31 31 83 83 83 31 32 2 38 23 89
26 89 117 142 40 94 39 11 62 142 28 109 22 28 42 44 16 7 31 31 31 27 31 31 27 2 2 82 2 27 27 32 45 2 2 2 2 32 31 27 31 32 2 52 24 12 36 142 117 52 83 83 27 27 27 27 31 45 25 4 109
22 20 12 36 54 30 1
154 16 117 19 22 28 109 117 104 83 83 31 31 31 31 31 31 83 83 83 31 31 31 31 31 31 83 83 31 31 83 83 83 83 109 83 31 31 31 31 2 2 2 83 83 83 2 83 22 117 117 14
147 43 16 82 126 105 29 47 109 14 48 27 27 31 83 83 83 109 82 38 23 89
7 154 52 35 41 0 83 31 83 83 83 83 31 31 27 27 27 31 154 32 31 31 31 31 31 38 23 42 102 84
22 117 154 99 63 35 41 52 0 83 83 31 45 86 102 14 48 27 27 27 27 38 8 147 8 68 60 69
52 21 33 19 154 21 154 147 22 34 96 43 69 22 86 7 31 27 27 27 31 154 82 29 22 62 52 47 109 48 83 2 2 31 27 27 27 32 2 2 32 32 2 32 38 23 85 117
96 6 9 59 150 6 39 34 35 21 33 54 129 2
37 99 105 52 63 7 83 31 83 83 83 31 27 45 33 19
48 38 60 96 84 37 114 19 22 86 68 91 23 142 34 42 8 37 23 89 28 147 59 60 3 10 48 32 38 23 18 25 21 33 19
28 37 60 63 96 84 6
99 63 8 37 68 53 89 85 147 105 53 82 114 19 22 16 147 126 41 21 40 19 11 15 142 40 82 45 40 37 53 89
21 89 114 37 60 96 6 9 136 35 91 36 23 4
82 22 16 154 35 12 36 4 6 11 15 69 11 48
45 40 13 62 33 34 21 12 37 18 53 4 126 114 89 2 9 24 14
38 17 3 136 63 40 10 39 34 40 10 9 35 91 32
38 23 68 25 114 3 62 8 3 99 96
40 39 43 24 33 44 68 26 0
45 25 37 102 14 114 22 33 154 136 96 37 41 0
2 45 21 17 14 154 111 4 22 34 154
9 105 62 111 136 37 25 4 22 47 44 16 7 109 48 32 27 2 9 59 5 84
107 147 26 62 69 13 91 36 109 10 45 28 154 20 40 154 91 6 13 109 22 1 0 15 1 19 39 28 89 94 44 5 84 22 43 24 154 22 40 154 38 26 6 13 40 82 142 34 35 8 154 129 82 9 105 46 66 109 83 2 82 2 32 38 23 89 25
22 86 7 154 136 63 37 41 33 89 14 13 91 36 4
38 12 89 25 89 42 44 3 17 14 13 129 19 32 2 45 25 4
10 39 44 16 142 49 84 35 111 69 84
82 9 3 99 63 16 37 46
32 22 8 18 25 4 84 39 105 5 115 42
20 109 13 7 19 11 15 42 22 34 16 63 117 1 83 32 32 32 32 32 27 32 109 32 27 31 83 7 32 31 32 32 31 32 32 83 32 32 83 7 82 2 32 83 83 83 83 32 83 38 23 89 85 14
48 22 16 42 49 14 13 60 63 69 6 48 45 25 42 33 19
91 89 34 34 154 42 86 66 86 19 14 13 40 154 83 27 27 45 23 89 109
13 43 5 84 10 9 99 3 111 8 68 99 3 99 5 22 43 17 96 6 39 44 34 154 3 91 34 82
38 23 42 86 44 85 47 66 53 109 102 13 53 4 22 28 19 84 9 53 89 84 9 59 33 7 19 11 15 115 25 21 33 154 91 96 10 9 136 3 99 96 107 105 29 19 22 40 42 20 60 104 27 2 2 48 27 27 2 2 45 40 82 54 68 26 84 22
37 43 62 85 63 59 60 63 42 86 42 34 68 60 107 15 4
45 43 21 29 49 10 22 129
32 22 62 84 48 22 85 47 114 37 25 142 85 102 54 7 25 18 12 4 22 28 19 132 39 47 43 16 69 38 26 62 69 13 91 36 142 114 26 36 10 37
32 19 9 21 52 114 68 53 4 22 44 16 7 32 38 8 43 3 91 36 54
68 53 3 8 37 114 16 3 99 37 114 54 43 21
45 13 43 33 53 4 22 28 19 132 39 44 16 18 60 69 13 91 36 142 49 54 68 111 107
69 115 53 4 45 49 54 20 59 111 136 10 9 21 5 84 22 35 111
32 45 49 84 48 154 105 29 142 49 68 60 69 86 10 34 42 34 37 34 18 111 15 104
38 45 68 60 111 60 3
37 21 85 89 49 84 48 147 86 7 154 99 96 37 41 62 86 89 14 13 91 36 69
38 53 4 22 43 9 41 154 8 68 60 142 129
45 28 94 53 4 22 21 8 18 17 0
37 21 117 42 34 89 13 91 34 104 109 32 32 2 32 32 32 32 45 49 54 86 42 28 10 39 44 16
115 35 62 85 69 54 82 9 105 99 158 59 1 83 2 83 2 83 2 83 31 83 83 83 83 83 83 83 83 83 83 32 32 83 32 83 32 82
32 39 68 60 3 37 16 62 85 63 114 37 12 4 114 89 154 9 24 5 37 28 94 42 47 20 99 96 6 22 37 25 59 85 7 2 2 2 2 9 91 36 37
39 44 16 9 35 91 36 89 14
37 25 59 84 9 136 63 8 18 12 4 39 28 19 132 39 44 16
32 147 126 62 33 37 53 4 22 114 89 9 24 5 10 45 30
147 26 89 25 34 37 86 19 109 22 40 154 126 105 46 8 47 142 96 19 48 22 34 89 82 2 2 45 28 19 39 66
48 9 24 12 20 59 142 86 7 32 82 82 48 27 27 27 31 31 154 23 89 7
54 68 17 69 22 16 42 20 10 22 117 7 10 9 136 7 83 154 2 32 32 32 32 32 32 2 45 28 19 84
45 43 35 8 18 53 36 42
7 37 5 54 40 37 17 3 43 136 7
39 21 25 89 60 37 60 96 84 45 28 37 25 4
9 99 63 40 37 25 89 34 37 59 60 10
48 22 16 35 24 36 23 7 109 83 83 27 27 2 2 27 31 38 23 37 25 1 22 40 42 40 37 25 7 7 154 104 32 2 2 2 2 32 32 31 83 83 83 83 2 2 32 31 32 9 52
35 136 63 53 114 14 13 91 36 63 8 96 142 28 54 68 99 8 42 86
14 13 91 36 34 7 142 49 6 9 21 33 142
13 44 16 12 96 10 45 25 34
