21 33 42 114 34 129 19 39 44 16 3 25 7 104 83 32 32 27 32 32 109 109 24 69
37 41 63 16 147 126 17 96 13 25 4 84
38 23 68 25 42 49 54 28 154 147 126 136 96 115 25 4 109 48 32 83 31 83 32 31 27 27 31 27 83 31 38 136 10 32 83 32 32 31 31 32 31 32 109 32 83 83 45 20 18 12 4 22 28 147 59 9 105 111 69 6
2 45 40 28 10 147 126 60 35 99 3 17 68 21 46
82 60 18 34 18 60 37 37 33 84 147 22 114 35 41 147 13 3 99
39 44 16 154 3 91 36 89 109
38 23 68 60 21 33 25 37 34 18 12 4 39 28 19 9 111 69 6 48
2 109 13 40 154 136 62 18 53 46 25 7 10 10 31 2 83 31 27 27 31 31 31 31 31 27 2 82 32 31 38 117 18 12 4 22 28 19 132 39 28 117 16 7
142 49 54 105 12 4 6 13 41 0 83 83 27 2 83 83 32 27 83 32 32 31 109 83 147 126 104 31 31 38 23 18 12 42 21 52
18 12 4 22 28 82 132 39 44 16 19 6 48
23 5 14 13 59 10 49 6
45 34 35 136 142 40 96 84 59 10 49 84 105 12 19
9 136 2 45 129 115 43 10 2 45 29 4 8 69
82 13 43 94 20 85 42 29 49 14
13 60 96 54 33 105 12 37 25 2
32 38 23 18 12 4 147 126 105 15 37 54 102 14 13 34 59 10 22 5 115 60 69 91
94 114 25 59 33 150 14 84 82 35 41 0
82 6 84 59 10 5 115 53 105 136 35 8 89 14 84 2 32 32 45 30
83 24 33 14 13 60 91 36 14 109 82 2 2 32 31 83 83 45 37 94 30 66
13 107 28 142 38 25 21 33 66
109 22 47 37 129 42 20 111 53 20 59 29 154
38 23 18 25 37 102 84 22 33 42 34 68 63 16 62 35 41 0 83 31 27 31 27 27 83 1 27 31 27 83 32 31 32 154 23 7 32 45 3 16 10
82 40 68 59 136 35 41 46 48
38 99 63 25 69 84 59 10
82 84 33 68 26 111 63
37 43 3 111 69 126 17 41 0 142 114 18 12 4 39 28 19 132 39 44 44 16 19
147 6 13 66 47 53 37 53 4 3 17 69 126 47 150 39 34 7
107 24 37 29 94 9 21 34 96 84 22 37 37 102 14
54 40 54 3 12 4 22 59
2 37 30 114 18 53 4
22 150 19 10 9 105 111 69 6 37 30 94
10 9 26 66 29 82
2 37 25 37 43 17 10 6 9 62 102 54 37 85 63 17 6 13 59 10 22 40 84 126 68 60 104
45 49 54 37 40 10 9 91 29 7
38 25 54 37 34 37 43 60 107 69 9 105 99 63 8 85 109 48 31 147 104 27 31 31 27 38 104 31 31 31 31 31 31 31 31 31 27 38 136 10 117 30 19 83 83 147 104 83 83 27 27 31 31 27 31 31 147 104 31 27 27 32 38 104 31 38 23 7 42 34 37 53 4 46 19 22 1 147 151 104 45 59 154 8 63
82 22 16 42 49 54 53 18 60 63 8 63
39 37 33 19 39 23 54 40 14
38 23 54 8 37 53 42 7 28 19 39 40 37 30 66 7
45 60 107 111 15 37 47 85 147 114
27 45 17 41 21 102 84 43 3 91 36 4 109 48 2 82 2 82 2 82 9 41 24 46 154 23 89 37 30 66
13 34 16 19 9 21 29 7 31 32 27 45 37 30 66
82 13 43 91 3 17 37 16 25 43 41 37 114 13 43 17 114
9 17 37 43 99 91 36 44 16 3 12 36 142 28 19 48 22 8 37 147 60 3 17 10 9 17 3 16 37 34 7 147
45 68 43 16 69 22 66 150 39 34 35 136 37 40 40 37 24 126 147 104 154 27 27 27 38 151 104 27 27 27 32 32 27 147 13 43 17 8 42 102 54 154 53 4 151 19 22 21 42
129 49 115 43 41 41 21 33 84 9 59 69 69 22 40 96 94 28 19 39 114 37 8 19 22 21 85 25 142 8 17 91 59 60 63 8 96 142 30 66 129 32 32 2 32 2 82 38 23 38 53 35 29 4 6
32 147 126 53 54 37 86 7
27 45 68 53 42 114 54 19 84 43 16 19 48
82 30 66 69
23 89 13 43 111 62 46
114 42 49 54 40 37 60 107 9 105 99 63 85 69 147
68 53 42 34 19 39 40 142 43 37 86 47 48 83 31 27 27 27 27 27 27 38 126 91 23 89 14 48 19 48 32 45 30 66 20 59 33 26
32 38 147 91 36 54 28 147 126 62 6 13 91 34 7
9 99 82 54 30 53 85 43 17 37 40 19 84 126 21 33 47 7
45 129 84 19 22 16 37 25 12 4 22 59 6 13 104
142 102 54 49 84 147 126 66 18 25
45 8 68 43 3 8 69 126 23 89 42 129
45 3 111 85 34 42 85 89 115 20 59 52 104 19 6 84 35 41 62 21 34 96 115 34 59 136 104 32 83 38 23 33 19 126 114 89 42 129 54 44 59 0 2 27 2 2 32 2 2 27 27 31 27 27 31 45 2 31 147 48 48 32 38 23 12 36 142 86 19 126 26 22 43 105 29 109 54 42 30 83
10 9 105 111 69 6 22 21 33 34 96 19
5 6 22 59 10 22 5 14 48 82
45 91 36 42 44 21 46 89 49
96 154 40 35 105 17 41 41 10 21 8 42 25 18 107 41 6 84 59 10 147 6 48 2 27 31 31 2 27 31 31 27 27 2 27 31 83 83 109 69 48 32 83 83 83 104 31 31 31 27 27 45 30 30 117 94 52 117 109 83 83 31 31 31 27 27 32 38 99 10 83 109 10 9 105 111 69 6
38 9 99 3 62 115 34 42 86 42
37 42 28 9 136 63 8 42 25 4 22 114 68 114 150 39 34 37 7 2 45
45 25 49 54 68 43 62 142 34 96 14 48 32
82 43 69 22 21 35 41 0
17 37 34 94 44 21 63 34 4 13
38 126 28 54 68 43 16 19 22 34 96 6 48
22 59 10 142 21 63 41 4
38 91 36 84 147 22 21 25 35 129 30 5 109
45 40 45 68 43 136 24 18 25 10
9 86 96 115 43 10 34 7 38 25 4 48 24 32 27
45 40 115 117 23 6 22 44 154 49 115 26 36 117 21 68 34 109 14 48 27 31 32 31 32 83 31 83 32 104 38 12 36 142 117 47 47 52 66 142 0 2 27 2 31 31 31 31 27 27 31 27 27 27 27 27 27 27 27 31 31 27 6 13 52 104
45 86 37 19 43 21 150 39 34 96 10 9 41 24 1
45 42 49 14 84 9 105 111 69 6 48
35 91 36 4 22 40 154 126 20 15 47 19 84 9 24 5 6
45 16 21 33 49 54 109 34 68 68 66 46 1 10 9 105 111 0 104 45 129 14 48 154 16 21 23 7
53 20 59 62 115 114 19 39 40 5 6 13 47
45 21 43 69 82 8 115 23 89 6
82 37 8 35 17 3 99 6 22 40 142 86 30 20 136 37 46 66 46 1 27 27 27 27 27 27 2 38 23 30 49 14 54 47
66 59 37 105 53 4 48 27 45 12 42 2
23 7 43 136 39 21 33 154 126 26 36 96 6 48
45 28 42 40 10 126 8 5 84 4 126 29 102 14
45 68 43 62 126 115 49 14 48 40 37 25 4 142 114 37 44 68 62 35 41 0
45 16 42 49 14 13 59 10 22 5 14 48 27 27 27 27 38 41 68 25 142 23 20 21 33 30
49 84 38 151 59 17 69 22 16 37 40 35 17 3 99 69 6 13 40 42 28 154 25 4 22 59 136 37 142 30 66 46 1
38 23 49 14 13 43 62 33 94 44 3 99 96 19 22 34 68 60 62 68 60 3 99 69 22 129 154 32
38 8 35 60 96 43 37 46 46 86 102 54 86 96 19 22 43 96 94 43 10 69 39 44 16 37 33 19 82 42 129 42 34 5 84 48 45 5 6 13 53 4 126 114 89
45 147 126 136 21 33 96 10 22 16 42 49 84 37 12 4 23 63 136 2
45 20 21 37 129 39 129 19 22 91 5 115 66
82 37 25 59 33 14 13 34 96 9 136 38
82 26 21 25 42 59 1
45 86 10 94 44 16 3 62 69 22 66 86 19 109 48 31 27 27 27 27 27 45 37 49 14
45 21 12 4 22 23 35 17 68 12 96
82 14 13 17 8 18 25 4 22 34 63 62 35 41 10 69 126 16 21 25 4 82 2 2 21 12 4 22 29 117 17 0
27 45 102 84 147 8 43 154 8 96 42 47 19 22 34 34 154 22 16 42 43 35 136 3 99 69 6 22 40 142 28 38 25 4 22 40 2
45 68 26 22 86 47 62 10 9 52 53 4 109 48 27 2 2 27 27 27 45 21 12 42 1
23 7 147 136 12 40 19 13 43 62 33 82 54 20 59
38 34 89 14 13 43 24 68 60 136 0
42 40 10 9 105 111 69 6 48 83 27 142 40 142 28 117 142 28 154
47 20 10 9 3 111 69 115 49 54 44 59 136 0 104
