058 660 865 726 333 218 218 660 571 612 165 121 100 137 407
181 137 407 165 134 441 121 100 653 865 540 700 158 540 441 158 400 218
400 333 845 121 845 013 217 612
058 660 865 726 333 218 218 660 181 137 407 400 218 165 540 571
181 137 407 400 218 165 540 571
158 400 806 121 845 332 540 851 407
323 407 681 333 668
876 888 218 571 165 540 571
876 888 218 571 165 400 218
876 888 218 540 441 540 218
181 137 407 407 400 333 058 660 218 681 407 540 218 668 218
218 681 407 540 218 668 218
058 660 865 726 333 218 540 218 540 333
477 137 218 165 400 218 726 333
165 400 218
058 226 571
323 407 681
323 477 613 540 218 888 477
218 681 407 165 121 845 013 217 612 668 218
126 700 540 851 407 540 218 865 540 181 407 888 102 668 218
181 226 218 571 571 612
058 400
477 137 181 540 218 668 218
876 888 218 571 540 218
181 137 407
181 137 407
876 888 218 571 165 400 218
217 226 218 540 218
217 226 218 540 218
217 226 218 540 218
540 441 165 400 218 113 485 165 841 845 013 217 612
407 400 333 058 660 113 612 845 540 218 218 660 165 121 845 013 217 612
113 612 845 540 218
477 137 218 540 218 540 333 323 407 681
323 407 681
876 888 218 564 058 660 217 121 333 121 845 660
126 181 181 226 218 158 216 477 181 681 865 540 700 165 540 571 113 485 121 876 126 181
876 888 025
876 888 218
876 888 218 571 165 540 571
121 571 102 126 181 540 218 158 400 441 121 571 102 126 181
217 540 806 158 540 102 121 407 540 571 323 407 681 407 888 102 726 333
058 400
876 888 218 540 441 540 218 121 100 013 181
181 137 407 400 218 165 121 100 137 407
181 137 407
876 888 218 571 165 540 571
876 888 218 571 165 540 571
876 888 218 571 165 400 218
876 888 218 571 165 400 218
165 400 218
876 888 218 121 333 126 571 845 013 217 612
058 400 058 400
165 540 571 121 100 888 218 766 113 181 126
876 888 218 571 165 400 218
876 888 218 571 165 400 218
113 485 102 540 181 407
113 485 102 540 181 407
058 660 845 323 333 218 333 323 876 888 218 165 612 441 700 540 851 441 564
876 888 218 571 165 400 218
121 100 121 181 660 333
407 400 333 058 660 571 681 100 121 181 660 333
876 888 218 845 660 058 660 571 681
876 888 218 571 165 211 218
876 888 218 540 441 540 218
407 400 333 058 660 571 681 407 540 218 612
165 400 218 571 121 407 540 218 612
865 726 333 121 181 137 407 400 218 121 333 888 165 766 100 137 407
165 540 571 540 441 121 218 888 481 540 851 100 137 407
121 100 653
540 218 571 121 100 888 135 612
100 888 333 612
113 612 181 100 888 333 612
181 137 407
165 134 441 400 181 540 571
477 612 407 121 100 660
876 888 218 571 540 333 165 121 158 668 571
165 400 218
407 400 333 058 137 113 612 845 540 218 218 137 165 121 845 013 217 612
845 013 217 612 441 158 888 851 217 332 612
113 612 845 540 218 218 660 165 121 845 013 217 612
126 181 323 477 613 165 121 845 485
165 134 058 660 217 323
165 134
100 332 888 377 058 157 158 134
100 332 888 377 058 157 158 134
571 540 218 845 668 333
876 126 845 323 333 218 865 612 218 332 126 165 540 571
845 888 441 165 540 571 332 540 851
571 681 158 226 181 323
158 226 181 323
165 400 218 571 332 126 218
158 660 441 726 333 165 121 218 226 181 121 113 323 333 400 181 540 571
158 126
058 400 158 126
158 126 845 400 845 400
571 681 158 126 845 400 845 400
158 226 181 323
158 226 181 323 845 400 845 400
540 441 540 218 845 400 845 612 726 333 165 121 113 323 333
477 332 226 571 165 121 100 888 218 613
165 134 058 660 217 323
571 681
718 226 181 323 845 400 845 400
158 226 181 323 845 400 845 400
181 226 218 165 121 100 653 218 013 407 726 333 165 121 113 323 333
158 226 181 323 400 181 540 571
158 226 181 323
400 181 540 571 158 668 564 058 660
400 181 540 571 158 668 564 058 660
333 726 218 217 121 333 121 845 660 540 218
876 888 218 571 540 333 165 134
876 888 218 571 540 333 165 134
876 888 218
181 137 407
876 888 218 540 441 540 218
407 400 333 058 660 217 226 218 540 218
407 400 333 058 660 217 226 218 158 540 102
407 400 333 058 660 217 226 218 158 540 102
158 226 181 323 400 181 540 571 158 226 181 323
407 400 333 058 660 217 226 218 158 540 102
477 137 181 165 540 571 888 477
126 102 571 485 612 126 102 571 485 612 100 681 100 612
126 102 571 360 612 126 845 540 845 613 218 700 540 851 407 165 400 218 865 137 845 571 407 134 058 660
126 845 540 845 613 218 700 540 851 407 540 218 865 137 845
158 226 181 323
126 102 571 485 612 126 571 407 134 845 058 660 126 102 332 612 181 612 333 126 571
058 660 865 726 333 121 218 888 481 102 612
218 888 481 102 612
126 102 181 323 333 571 162
323 407 681
126 102 571 485 612 400 181 540 571
126 102 571 485 612
126 181 477 137 218 540 218 121 865 681
217 137 845 100 126
540 218 571 121 865 681 540 218 571 121 865 681
876 888 218 407 400 333 145 660 845 660 865 540 700 165 540 571
876 888 218 571 165 540 571
100 181 726 407
100 181 726 407
540 218 571 121 865 681
540 218 571 121 865 681
181 137 407 540 218 571 323 806 766 158 375
540 218 571 323 806 766 158 335
158 226 181 323
540 218 571 121 865 681
181 137 407
876 888 218 121 100 668 218 165 121 100 181 726 407 571
876 888 218 121 100 668 218 165 121 100 181 726 407 571
477 081 407 121 882 660
058 660 407 400 333 218 217 226 218 102 612 407 400 333 058 660
477 612 407 121 100 660
058 660
475 888 571 218 217 121 333 121 612 218 165 121 407 323 102 400 333 845 165 400 218 571 013 181
158 375
876 888 218 571 165 400 218
121 845 013 057 612
323 477 613
165 134 564 571 323 102 226 333 612 218 653 441
102 726 102 121 218 660 102 226 333 612 218 653 441
323 407 681
865 888 441 165 400 218 217 137 845
845 660 165 612 441 571 407 865 612 407
333 323
165 134
100 540 181 845 165 226 102 888 477
323 407 681
876 888 218
218 681 407 165 226 102 845 668 333
876 888 218
058 400
876 134 441 845 400 845 612
845 400 845 612 333 726 218 158 375
845 400 845 612 438 333 726 218 158 375
477 332 540 218 612 477 332 540 218 612
158 375
876 888 218
845 400 845 612
876 134 845 540 845 540 218 217 323
058 660 865 726 333 218 165 400 218 865 888 333
845 400 845 612
126 181 217 323 217 226 218 058 157 100 181 726 407
165 540 571 540 441 121 100 181 726 407
571 681
102 726 102 612
100 181 726 407
158 375
323 407 681
333 668 876 888 218
400 181 540 571
332 226 845 612
540 441 366 540 571 121 100 181 726 407
876 888 218
323 407 681
158 540 218 165 121 100 181 726 407 571
217 137 845
865 681 218 121 571 226 407 613 845
181 226 218 102 612 217 226 218 165 540 571
058 157 121 102 888 851 407 612
323 407 681
333 668 865 681 218
181 226 218 102 612 217 226 218 165 226 102 100 540 181 218 888 477
400 181 540 571
100 181 726 407
100 181 726 407
217 226 218 165 121 100 181 726 407
571 681 102 726 102 121
217 226 218 165 121 100 181 726 407
217 323 865 126 181 845 400 181 540 571
323 407 681
323 407 681
876 888 218 571 165 400 218 400 181 540 571
876 888 218 571 165 400 218 121 100 181 726 407
165 400 218
165 400 218 571 121 218 226 181 121 113 323 333
165 400 218 571 165 121 113 323 333
571 681
158 226 181 323
058 660 865 726 333 218 218 660 571 477 612 407 218 660 400 181 540 571
571 681 158 226 181 323
876 888 218 571
058 660 158 400 806 218 660 218 226 181 102 612
100 181 726 407
058 660 511 726 333 218 165 121 100 181 726 407 571
571 681 100 181 726 407
407 400 333 058 660
100 181 726 407
058 400 165 400 218
845 400 845 612 165 540 571 540 441 121 845 400 845 612
323 407 681
845 400 845 612
323 407 681
323 407 681
571 681 100 181 726 407
571 681 700 400 851 407 058 660 113 485 121 100 181 726 407
181 226 218 102 612 377 323 058 660 571 888 102 700 540 851
181 137 407
407 400 333 058 660 100 332 888 377 165 121 845 013 217 612 441 158 134
181 137 407 158 668 571 013 113 218
407 400 333 058 660 845 660 165 400 218
865 726 333 218 218 660
158 375
540 441 121 100 332 888 377
100 332 888 377 400 181 540 571 540 441 158 134
540 441 165 400 218 876 888 218 121 845 013 217 612 571 226 441
332 540 102 226 102 100 766 876 226 333 377 612 333 121 571 226 441
876 888 218 121 571 013 113 218 375
113 612 181
876 888 218 571 165 400 218
158 226 181 323
058 226 571 165 400 218 571 332 126 218
165 400 218 571 121 217 137 845 217 216 181
865 888 441 540 218 845 400 845 612
400 333 571 766 165 121 113 323 333
400 333 571 766 165 121 113 323 333
158 126
158 126
165 400 218 571 876 888 218 181 485 613 571 226 441 726 333 165 121
158 126
158 660 441 165 400 218
540 441 158 612 571 865 612 218
407 540 571 540 441 726 333 058 157 113 681 571
845 660 058 660 571 612 571 888 102 700 540 851 058 660 865 726 333 218
876 888 218
876 888 218 845 660 058 660 865 726 333 218
165 540 571
165 121 100 653
165 400 218
323 407 681
876 888 218 121 333 126 571 158 888 217 113 485 165 121 100 681 100 612
113 013 181 845 668 333
845 660 058 660 865 726 333 218 165 540 571
121 333 126 571 407 540 571
700 540 851 407 058 660 407 121 845 100 332 888 377 165 121 845 726 181 612 441 158 134 218 660
571 181 612 477 612
181 137 407 058 660 407 121 845 100 332 888 377 165 121 845 726 181 612 441 158 134 218 660
485 058 157 323 333 158 134
845 660 058 660 865 726 333 218 218 660 181 137 407 400 218 165 121 100 137 407 121 217 226 333
058 660 181 137 407 400 218 540 218
540 218 571 102 226 181 441 217 137 845 218 660
181 137 407 400 181 540 571
181 137 407
477 612 407 121 100 660
477 612 407 121 100 660
477 373 407 121 100 660
407 400 333 058 660 845 660 165 400 218
165 134 441 876 888 218 571 102 226 010 441 217 137 845
181 137 407 571 102 226 181
571 102 226 181 217 137 845
165 400 218 571 121 865 540 407 540 845 181 400 113 584 660 102 888 851 407 612
181 137 407 158 375 441 571 888 102 700 540 851 218 660 218 888 481
113 015 181 165 400 218
876 888 218 571 165 400 218
165 400 218 571 218 660 571 612 058 157 571 226 181 113
181 137 407 165 134 058 660 564
165 134 441 165 121 100 681 100 612
217 540 806 400 181 540 571 121 407 540 571
058 371
323 407 681
564 058 660 181 540 407 540 851 540 218
058 226 571
058 226 571
845 888 441 165 400 218 113 612 181 217 137 845 218 660 058 157 218 888 851
158 375
540 218 571 323 407 681
165 400 218 400 181 540 571 540 333 165 121 477 540 407 481 766
217 726 218 058 157 113 540 851 217 766 441
218 540 407 672 102 612
218 540 407 672 102 612
218 540 407 672 218 540 407 672 218 540 407 672
876 888 218 571 165 400 218
165 612 441 564 845 400 845 612 441
400 181 540 571 102 726 102 612 333 726 407 218 165 226 102 845 668 333
217 121 333 121 845 660
165 134
058 660 181 126 407 165 121 100 181 726 407 571
571 681 100 181 726 407 571
876 888 218 571 165 540 571 400 181 540 571
121 100 181 726 407 121 100 181 726 407
181 137 407 400 218 165 400 218 845 726 181 612
876 888 218 845 660 058 660 700 540 851 407 121 806 165 400 218 845 726 181 612
400 181 540 571 407 888 102 158 375
121 100 226 218 766 865 888 333
865 888 333 165 400 218 865 540 181 113 181 400 477
540 333 165 121 100 332 612 441
407 888 102 158 375 126 865 726 333 218 058 660 218 660 571 540 218 888 477 158 375 113 485 475 888 571 218 121
102 540 333 540 218
126 865 726 333 218 218 660 377 323 058 660 571 888 102 700 540 851
181 137 407
845 660 058 660 332 540 102 226 102 100 766 165 540 571
158 375 441 121 477 888 477 540 218
158 226 181 323 400 181 540 571
158 668 564 058 660
865 726 333 121 477 226 218 102 612
058 660 845 323 333 218 181 126 407 540 218
323 407 681
407 013 181 845 400 845 612 726 333 165 121 218 226 181 121 113 323 333
058 660 845 660 165 400 036
165 400 218 571 332 126 218
333 668 477 761 407 888 477 165 121 218 226 181 121 113 323 333 400 333 845 571 681 158 226 181 323
158 226 181 323 845 400 845 612
058 400
217 137 845
876 888 218 571 165 400 218
165 400 218 571 121 181 540 218 672 218 653 845 726 181 612
181 137 407 158 612 441 217 726 218 121 441 540 477 766 400 181 540 571
165 134 865 282 217 323
407 013 181 845 400 845 612
323 407 681 325 668 181 137 407
165 540 571 540 441 121 441 540 477 766
165 540 571 441 540 477 766 441 121 181 540 218 672 100 540 218 158 564 845
058 660 865 726 333 121 218 332 126 540 218
058 660 218 332 126 540 218
058 400
752 668 865 726 481 165 540 571
407 400 333 058 660 888 333 218 126 165 540 571
181 137 407 400 218
102 726 102 612 441 217 121 333 121 218 126 540 218
400 333 845 058 660 888 333 218 126 540 218
165 400 218 571 332 126 218
217 323 121 158 226 845
477 137 181 165 540 571 865 888 333
333 323
333 726 218 181 126 407 165 400 218
058 660 181 126 407 165 121 218 226 181 121 113 323 333
876 888 218 571 165 400 218
876 888 218 571 165 400 218
165 400 218
165 134 058 660 217 323
126 100 226 218 058 660 407 121 845 332 400 218 672 165 400 218 218 681 100 672 121 100 668 218 226 333 612 865 681 126 477 137 218 058 660
058 400 058 660 217 726 218 540 218 407 540 845 323
181 226 218 571 571 540 218 888 477 158 375
333 323 540 218 845 888 441 613 218
323 407 681 058 660 571 540 218 165 765 400 333 735 126 181 477 137 218 058 157 377 660 441 100 400 407 726 333
158 126 100 681 100 612
217 540 806 165 121 100 681 100 612 121 407 540 571 058 660 865 726 333 218 218 660
058 660 865 726 333 121 217 226 218 218 660 165 612 441 218 653 441 845 323 333 218 058 660
181 226 218 571 217 226 218 845 668 333 400 333 845 217 226 218 218 660 165 612 441 218 653 441
217 323 218 660 540 218 407 540 845
181 137 407 400 181 540 571 332 540 102 226 102 100 766
165 540 571
876 888 218 571 540 333 165 134
876 888 218 540 441 540 218
058 660 333 323 272 100 668 218 165 400 218
876 888 218 540 441 165 400 218
407 400 333 058 660 477 137 181 540 218 668 218
217 226 218 540 218
876 888 218 540 441 540 218
876 888 218 571 165 400 218
876 888 218 540 441 540 218
407 888 102 158 375 540 441 540 218 121 845 013 217 612
876 888 218 571 121 845 013 217 612 571 681 400 181 540 571
876 888 218 845 888 441 165 540 571 845 013 217 612 571 681
876 888 218 226 181 571 845 888 441 158 612 571 681
158 375 441 121 100 332 888 377 113 485 158 540 441 158 134
323 407 681
865 726 333 218 218 660 100 332 888 377 540 218
181 137 407
407 865 400 407
540 441 540 218 217 137 845 218 660 612 218 013 181 332 126 218
217 540 806 165 121 845 013 217 612 571 121 102
100 332 888 377 158 540 102
058 400 158 612 181 181 126 407 165 400 218
564 058 660 333 726 218 217 323 540 851 218 660 218 013 407 400 218 013 181
126 700 540 851 407 377 612 571 226 845 865 888 333 865 216 845
407 888 102 158 375
126 181 218 226 181 058 660 876 888 218
181 226 218 571 181 137 407 400 218 165 540 571 100 137 407
181 137 407 400 218 165 121 100 137 407
165 134 441 121 100 888 333 612 540 333 165 540 571 100 137 407
333 888 700 540 851 058 660 407 400 333 332 612 181 612 218 013 407 121 100 668 218 165 323
218 888 481 165 540 571 181 137 407
571 612 158 668 540 218 540 441
571 013 113 218
876 134 441 165 121 100 653
477 612 407 121 100 660
058 660 845 660 540 218
058 400
477 612 407 121 100 660 100 653
876 134 540 441 158 612
876 134 540 441 158 612
477 612 407 121 100 660
876 888 218 226 181 571 058 660 571 612
181 137 407
121 100 653 400 333 845 121 217 216 181
126 100 226 218 058 660 407 400 333 571 102 226 181 165 540 571 571 102 226 181
865 137 845 058 660 181 137 407
181 137 407
165 134 441 165 121 100 681 100 612
845 323 333 218 571 102 226 181 165 121 100 681 100 612
181 137 407 400 218 165 121 100 681 100 612
806 658 407 400 218
165 134 441 400 181 540 571
181 226 218 571 571 612
113 612 181 165 540 571
333 668
876 888 218 571 165 400 218
165 400 218 100 681 100 612
203 134 441 203 121 100 888 333 612 571 181 612 477 540 851
333 126 218 333 126 218
845 400 845 612
121 407 540 218 612
845 686 058 686 700 540 851 232 540 218 571 121 232 540 218 612
058 660 407 400 037 700 540 851 407 540 218 571 121 407 540 218 612
540 441 165 400 218 121 407 540 218 612
158 375 407 540 218 612 407 540 218 612 571 181 612 477 540 851 407 540 218 612
181 137 407 058 660 407 400 333 571 218 540 407 058 157 113 540 851 217 766 540 333 165 134
571 218 540 407 058 157 262 540 851 217 766 540 333 165 400 218 158 323 181 332 126 218
217 137 845 217 216 181
333 668 181 226 218 571 571 612 876 888 218 571 165 121 100 681 100 612 571 681 540 851
100 126 100 126 400 181 540 571
100 126 100 126
100 126 100 126
400 181 540 571
845 013 217 612 217 726 218 121 407 540 571 113 332 121 102 058 660
876 888 218 845 888 441 165 121 845 013 217 612 571 681 400 181 540 571
407 600 102 158 375
158 126 400 181 540 571 158 126
058 660 332 612 181 612 158 681 218 165 540 571 700 540 851 845 323 333 218 058 660
876 888 218 540 441 165 540 571
865 726 333 121
218 888 481 540 218
865 726 333 121 477 137 181 158 540 441 218 888 851
865 726 333 121 407 888 102 668 218
181 137 407
058 660 407 400 333 407 181 323 441 165 121 845 485 726 333 158 540 441 158 226 845
377 612 332 612 181 612 158 681 218 571 540 218
323 407 681 013 181 332 126 218
540 218 571 013 181 332 126 218
126 477 137 218 540 218 121 865 681
540 218 571 013 181 217 013 333
540 218 571 013 181 217 013 333
165 400 218 571 540 333 407 332 226 845 121 100 672
126 845 323 333 218 333 323 876 126 377 612 158 681 218 571 540 218 571 323 102 888 481
181 226 218 571 477 137 218 165 121 845 013 217 612 540 333
217 137 845 100 126
477 612 407 121 100 660
876 888 218 571 540 333 165 134
165 134 441 121 477 726 407 540 218
845 400 845 612
485 845 013 217 612
217 726 218 058 157 113 540 851 217 766 441
218 540 407 672 102 612
218 540 407 672 102 612
218 540 407 672 218 540 407 672 218 540 407 672
876 888 218 571 165 400 218
165 612 441 884 845 400 845 612 441
400 181 540 435 102 726 102 612 333 726 407 218 653 226 102 845 668 333
217 121 333 121 845 660
165 134
058 660 181 126 407 165 121 100 181 726 407 571
333 323 876 888 218
876 134 441 564 571 540 571 218 766 400 181 540 571
876 134 845 540 845 571 540 571 612 217 323
540 441 377 612 217 323 540 851
217 323 540 851 100 126 100 126
058 660 477 540 407 876 540 481 218 653 058 660 181 126 407
323 407 681
126 333 323 058 660 181 126 407 165 121 218 226 181 121 113 323 333
400 333 845 126 700 540 851 407 058 660 181 126 407 165 121 100 181 726 407 571
165 121 845 013 217 612
126 217 726 218 121 333 126 845 612 121
058 157 540 333 218 660 845 540 571 218 332 888 407 377 613 564 333 218 058 660 400 181 540 571
158 375
876 888 218 845 660 058 660 865 726 333 218 218 660 845 660 865 540 700 165 400 218
333 726 407 540 218 845 668 333
126 333 660 540 218
876 888 218 540 441 165 400 218
407 400 333 058 660 571 681 100 181 726 407
165 400 218 571 121 100 181 726 407
126 217 726 218 100 181 726 407 571 881 218 158 323 102
323 407 681
058 157 571 323 333 888 218 571
876 888 218 845 660 058 660 865 726 333 218
876 134 441 165 121 845 013 217 612
845 668 333 158 375
013 181 217 013 333
876 888 218 845 660 058 660 865 726 333 218
218 226 181 102 612
058 157 217 121 333 121 113 013 181
571 540 218 845 668 333
571 540 218 845 668 333
165 400 218 571
058 400 165 400 218 571 121 217 137 845 217 216 181
876 888 218 845 660 058 660 865 726 333 218
876 888 218 845 660 058 660 865 726 333 218
218 226 181 102 726 102 612 876 888 218 058 660 514 726 333 218
400 181 540 571 876 888 218 845 660 058 660 865 726 333 218
876 888 218 571 165 400 218
845 323 333 218 218 375
323 407 681 876 888 218 845 660 058 660 865 726 333 218
571 540 218 845 668 333
571 540 218 845 668 333
865 226 181 058 660 377 323 102 612 876 888 218 845 660 058 660 865 726 333 218
876 888 218 845 660 103 660 865 726 333 218
058 660 407 400 333 571 218 400 333 645 165 134
876 888 218 845 660 058 660 865 726 333 218
876 888 218 845 660 058 660 865 726 333 218
333 323 865 681
845 660 058 660 865 726 333 218 165 540 571
876 888 218 540 441 165 400 218
865 681 218 121 102 540 333 540 218
126 571 013 571 888 744 700 540 851 058 660 333 323
165 400 218 571 121 218 216 218 672
181 226 218 571 571 612 540 113 865 612 407 400 333 113 126 333 845 121 845 888 407
165 134 441 121 113 540 377 612
571 540 218 845 668 333
571 540 218
165 134 441
121 100 216 845
635 137 407 400 218 165 400 218 100 216 845
181 137 407 400 218 165 540 571
876 888 644 571 165 400 644 400 181 540 571
540 218 571 121 477 540 217 612
540 218 571 121 477 540 217 612
058 660 333 323 876 888 218 477 540 217 612 571 226 441
845 323 333 218 158 540 218 540 218
113 766 217 226 218 540 218
126 571 612 121 100 888 333 612
126 571 612 121 100 888 333 612 726 333 158 375
100 888 333 612
100 888 333 612 485 100 181 726 407 612 165 766 865 888 333
876 888 218 571 165 400 218
876 888 218 540 441 540 218
637 137 407 400 218 540 218
540 441 540 218 121 407 540 218 612
540 441 540 218 121 407 540 218 612
876 888 218 540 441 121 407 540 218 612
323 407 681
333 323
571 540 218 845 668 333 400 333 845 058 660
865 612 181 477 181 681 121 217 681 102 865 540 700 165 612 441 323 407 681
126 181 477 137 218 571 888 102 700 540 851 100 540 158 126 333 845
571 540 218 845 668 333
845 668 333
865 681 218 158 668 845 540 845 058 660 217 226 218 571 323 407 332 681 441 612
571 540 218 845 668 333
400 181 540 571 181 137 407
571 540 218 845 668 333
477 612 407 121 100 660
400 181 540 571 876 134 441 165 121 845 013 217 612
477 612 407 121 100 660
165 681 113 226 181 845 668 333 100 540 407 888 441 058 660 333 726 407 218 165 226 102 845 668 333
571 540 218 845 668 333
571 540 218
571 540 218
013 181 217 013 333
013 181 217 013 333
876 888 218 845 660 058 660 865 726 333 218
508 181 540 571 181 137 407 845 668 333 165 134
218 226 181 102 612 876 888 218 058 660 865 726 333 218
058 157 217 121 333 121 113 181 126
865 226 181 407 181 126 102 888 477
158 375 126 181 102 660 806 165 612 441 323 806 766
407 181 126 102 888 477
165 400 218 571 217 137 845
165 400 218 571 217 137 845
165 134 377 612 540 441
726 333 102 726 102 612 441
181 400 477
333 323 058 157 333 726 218 181 612 806 540 851
058 230 806 217 726 218 218 230 571 218 681 407 181 323 441
876 126 845 323 333 218 865 612 407 013 181 845 400 845 612
181 226 218 571 407 013 181 158 540 102 332 126 218 333 668
876 888 218
323 407 681
158 226 181 323 181 226 218 571 218 013 407 218 660 845 400 845 612
058 226 571 400 181 540 571 540 441 158 375
218 226 181 845 400 845 612 876 888 218 058 157 845 660 540 851
865 681 218 121 571 226 407 613 845
126 181 477 137 218 226 806 332 612 700 540 851 726 333 158 375 571 323 058 660 865 323 333 218 158 400 806 218 660 217 226 218 845 668 333 113 485 226 333 612 700 540 851
876 888 218
158 375
058 660 865 726 333 218 165 121 845 013 217 158 668 571
181 137 407
876 888 218 571 540 333 165 134
865 226 181 126 845 323 333 218 333 323
058 660 181 137 407
845 323 333 218 700 332 323 540 218 845 668 333
181 137 407 400 181 540 571
181 137 407
477 332 540 218 226 333 845
876 888 218 571 540 333 165 134
126 845 323 333 218 333 323
058 660 113 126 333 845 668 218
540 218 571 571 323 217 137 845 218 660 612 218
612 218 540 218 400 333 845 217 323
323 407 681 876 888 218 226 181 571 540 441 540 333 165 134
377 660 441
058 400 377 660 441
407 400 333 058 660 571 681 377 660 441
876 888 218 571 165 400 218
876 888 218 571 165 400 218
400 181 540 571 876 888 218 571 165 400 218
058 157 217 121 333 121 113 013 181 726 333 058 157 158 226 845
100 681 100 612
100 681 100 612
876 888 218 571 540 333 158 375
876 888 218 876 888 218 876 888 218
400 181 540 571 377 660
165 134 441 571 888 102 700 540 851 226 181 571 165 323
126 845 323 333 218 333 323 540 113 058 660 571 013 540 218
407 888 102 158 375
876 888 218 540 441 165 400 218
058 157 571 323 407 332 681 441 612
217 226 218 100 400 407 540 333 158 375
876 888 218 540 441 165 400 218
540 441 165 540 571 121 100 013 181
058 660 865 726 333 218 102 612 218 660 181 612 806 058 660 121 181 323 333
400 102 126 100 612 540 851 102 612 333 218 660 058 660
217 226 218 165 121 845 013 217 612
058 660 217 226 218 165 121 845 013 217 612
400 181 540 571
181 137 407 400 218 165 400 218
407 888 102 158 375
165 400 218 571 876 126 865 612 158 400 845 058 660 332 540 571 218 332 681 333 845
126 333 660 165 134 865 888 441 121 332 612 441 613
407 888 102 158 375
876 888 218 571 165 400 218
876 888 218 571 165 400 218 121 845 013 217 612
876 888 218 571 165 400 218
181 137 407
876 888 218 540 441 540 218
876 888 218 571 165 400 218
181 137 407
876 888 218 540 441 540 218
876 888 218 540 441 165 400 218
876 888 218 571 165 400 218
540 441 165 400 218 121 845 888 407
058 400
876 888 218 571 165 400 218
126 102 217 121 333 121 571 681
876 888 218 571 165 400 218
845 013 217 612
876 888 218 845 888 441 165 400 218 845 013 217 612 571 681
113 766 217 226 218 540 218
876 888 218 571 165 400 218
100 121 181 660 333
100 121 181 660 333
100 121 181 660 333
571 102 226 181 165 400 218
333 888 700 540 851
477 612 407 121 100 660
181 137 407
876 134 441 165 121 100 653
845 323 333 218 477 137 181 540 218 013 113
477 612 407 121 100 660
058 660 181 126 407 165 400 218
323 234 681
158 660 441 165 400 218
865 726 333 121 181 137 407 400 218 165 121 100 137 407 100 681 100 612
058 660 377 323 102 612 165 121 100 137 407 876 888 218 845 660 058 660 571 612
121 100 888 217 058 226 571
126 571 612 121 100 888 217
876 888 218 226 181 571 845 660 058 660 571 612
121 100 181 726 407 058 400 121 100 888 217 540 441 726 333 121 100 181 726 407
100 181 726 407
876 888 218 540 441 165 400 218
540 218 540 441 121 407 540 218 612
400 333 845 876 888 218 571 165 400 218
407 865 400 407
333 323 165 400 218 571 333 726 218 121 407 540 218 612
407 865 400 407 407 865 400 407 386 888 218 540 441 540 218
540 026 571 121 845 888 407
345 218 571 121 845 888 407
181 226 218 571 181 137 407 400 218 571 121 102 102 485 121 806 165 540 571 675 137 407
126 700 540 851 407 540 218 571 121 477 332 540 218 612 865 888 333
876 888 218 571 165 540 571
845 013 217 612
845 660 165 681
876 888 218 845 660 165 681 158 400 806 540 333 165 134 102 668 165 441
571 612 165 400 218 332 126 218 165 134
876 888 218 540 441 165 400 218 540 333 165 134 102 668 700
121 100 653
876 888 218 571 540 333 158 540 441 158 400 333 845
540 218 571 333 726 218 058 157 441
540 441 540 218 058 157 441
058 660 865 726 333 218 218 660 102 681 407 540 218
865 726 333 121 218 681 407 540 218
540 218 571 121 158 400 218
113 485 158 540 441 158 134
540 218 571 121 158 400 218
377 660 441
377 660 441
377 660 441 181 126 407 400 181 540 571 158 400 441
377 660 441
126 865 726 333 218 165 540 571
673 375 441 673 540 441 377 660 441 400 333 845 165 226 333 673 540 441
876 888 218
571 726 407 571
571 726 407
400 333 845 181 137 407 400 218 876 888 218 165 121 407 540 218 612 441 477 181 681 540 851 865 540 700
540 441 165 400 218 058 157 407 540 218 612
102 726 102 612
102 726 102 612 441 158 375
058 660 181 126 407 102 726 102 612 441 477 332 540 218 612 058 400
876 888 218 571 165 400 218
100 888 218 766 113 181 126
100 888 217
100 888 217
413 333 845 876 888 218 571 165 413 218
113 485 475 660 571
876 888 218 571 165 540 571
058 660 333 323 165 400 218 865 216 845
876 888 218 540 441 165 400 218
571 540 218
540 333 876 888 218
540 333 121 481 134
058 660 571 226 845 481 134 100 540 113 485
481 134
481 134
806 134 612 217 137 845
481 134
100 121 181 660 333
181 726 218 012 121 806 100 121 181 660 333 441
400 333 845 876 888 218 571 165 540 571 332 126 218 158 375
407 888 102 158 375
171 888 218 845 888 441 165 540 571 571 681
540 218 571 121 481 540 407
323 407 681 540 218 571 121 481 540 407
113 181 668 766 441
058 660 865 726 333 218 218 660 571 102 226 181 165 226 102
845 660 165 681 571 730 226 181
564 165 323 441 113 485 102 726 102 612
126 571 612 845 564 181 540 851
845 540 845 058 660 407 668 333 218 013 181 121 806 165 226 102
165 400 218 571 121 407 540 218 612
865 614 333 121 181 137 407 400 218 121 333 888 165 766 100 137 407
165 540 571 540 441 121 218 888 481 540 851 100 137 407
121 100 653
540 218 571 121 100 888 333 612
100 888 333 612
113 612 181 100 888 075 612
181 137 407
165 134 441 400 181 540 571
477 612 638 121 100 660
876 888 218 571 540 333 165 121 158 668 571
058 660 102 612 333 100 013 181
100 013 181
158 612 845 540 845 158 400 806 121 100 013 181 100 121 218 540 218 865 888 441 726 333 158 540 441 100 400 407
400 333 845 165 134 441 121 100 653 865 540 700 158 540 441
865 726 333 218 571 888 102 700 540 851 226 181 571
126 865 726 333 218 218 660 217 741 806 058 660 121 407 741 571 664 181 741 571
876 888 218 121 100 668 218 165 540 571
058 660 865 726 333 218 218 660 571 612 165 400 218
058 660 865 726 333 218 158 540 102 218 660 100 126 218
165 400 218 571 876 134 165 400 218 865 216 845 407 681 102 113 332 121 102
540 113 477 888 477 612 100 126 218 571 477 888 477 612 217 226 218 571 571 477 400 851 407 218
126 333 323 876 888 218 865 612 407 400 333 845 660
333 323
323 407 681
865 726 333 218
058 660 407 400 333 323 477 613 540 218 540 113 058 660 865 726 333 218
058 660 865 726 333 218 102 612 218 660 218 681 407 102 126 158 400 333 845 668 218
126 181 218 681 407 102 126 158 400 333 845 668 218
058 660 407 400 333 323 477 613 400 333 845 407 181 323 441 540 218 540 113 058 660 865 540 377
540 218 340 400 333 218 102 660 806
102 726 102 612 845 888 441 613 218 158 400 806 158 216 158 400 333 845 540 333 165 134
477 323 407
540 218 865 323 333 218 100 126 218 058 660
102 726 102 612 845 888 441 613 218 158 400 806 158 216 158 400 333 845 540 333 540 218
058 660 407 400 333 571 477 400 851 407 540 218 540 113 540 218 100 126 218 571 058 660
865 726 333 121 407 181 323 441 540 218
323 407 681
865 888 441 058 157 113 540 851 217 766 540 333 165 134
323 407 681
540 218 571 333 126 571 540 441 613 218 540 218
058 660 407 181 323 441 845 540 218 571 218 888 851 540 333 165 121 845 485
876 134 441 187 157 218 888 851
181 226 218 102 612 571 612
165 400 218 571 332 126 218
181 137 407
058 400
876 134 441 540 218 571 333 323 441
165 134 441 540 218 571 218 888 851
058 660 407 400 333 407 181 323 441 540 218
407 181 323 441 540 218 845 668 333
865 226 181 865 612 158 400 806
323 477 613 540 218 121 181 540 218 672 100 540 218
876 888 218
126 571 612 058 660
865 681 218 181 226 218 571 845 323 333 218 407 181 323 441 165 121 218 888 851 407 162 477 181 612 218 181 612 668 218
407 126 333 845 121 806 181 660 571
845 660 058 660 865 726 333 121 477 137 218 058 157 158 400 333 845 540 333 165 134
181 137 407 400 218 165 400 218 400 181 540 571
181 137 407 400 218 876 888 218 058 660 407 400 333 845 660
521 400
181 137 407 540 333 165 134
400 333 845 571 612 058 660 102 681 407 158 540 102 102 660 806 876 226 333 058 660 845 660 165 400 218
540 441 613 218 165 400 218 540 333 218 332 121 571 218 540 851
058 660 865 726 333 218 158 540 102 218 660 100 126 218
407 400 333 058 660 102 681 407 158 540 102 100 126 218
158 375
102 681 407 158 540 102 100 126 218 102 726 102 612
058 660 571 218 540 407 058 157 158 400 333 845 540 333 165 134
058 660 700 540 851 407 158 612 181 100 126 218 102 726 102 612
100 126 218
100 126 218
865 681 218
845 323 333 218 073 137 181 540 218
181 226 218 571 477 137 181 540 218 845 668 333 181 126 407 165 400 218
323 407 681
333 323
100 126 218
158 540 441 477 157 218 888 851
181 226 218 571 571 218 888 113 158 540 441 218 888 851 540 333 165 134
323 407 681
165 134
217 137 845 217 216 181
058 157 806 134 612 407 134 113 672
865 226 181 165 540 571 407 126 333 845 121 806 100 126 218 571 218 660 845 888 441 613 218 540 218
571 612 165 540 571 100 126 218 571 845 668 333
481 013 102 477
333 888 700 540 851 668 218 165 134 441
540 333 218 332 121 571 218 540 851
181 137 407
158 226 181 563 400 181 540 571
102 126 333 681 102 540 441
876 888 218 540 441 158 540 441 333 681 102
845 400 477 766 845 400 333
845 400 477 766
477 137 218 058 157 571 121 571 477 226 333 845 766 726 333
100 888 218 613
100 888 218 613
100 888 218 613
333 668
865 612 181 475 888 571 218 477 137 218 158 540 102 323 806 766 165 134 113 485 121 102 540 333 540 218 323 407 681
102 681 100 612 845 400 477 766 845 400 333 865 726 333 218 571 218 660 217 323 540 333 165 134 876 888 218 845 660 058 660 700 540 851 407
377 137 845 126 477 137 218 845 400 477 766 845 400 333 540 333 165 134 865 540 700 165 121 181 126 613
540 333 865 540 700 165 121 845 332 400 217 613
181 226 218 571 571 612 540 113 165 681 865 726 333 218 218 660 477 181 681
158 126 845 400 477 766 845 400 333
158 226 181 323 845 332 400 217 613
058 660 865 726 333 121 407 540 571
181 137 407 102 126 218 612 700
181 137 407 102 126 218 888 851 126 217 540 806 058 660 121 407 540 571
671 407 681
323 407 681
126 865 323 333 218 102 681 407 158 540 102 407 888 102 668 218 700 332 660 165 121 100 564 441
126 102 571 485 612
158 226 181 323 126 102 113 332 226 333 845 181 612
126 102 333 126 571
876 134 441 102 126 218 888 851
876 134 821 102 126 400 477 672
158 612 441 121 102 668 571
158 612 441 612 218 540 851 477 564 218 121 806 165 121
865 681 218 121 102 540 333 540 218
571 540 218 845 668 333
477 540 407 571 888 102 700 540 851
876 888 218 845 660 058 660 865 726 333 218
100 181 726 407 571 400 333 845 100 137 407 571
865 726 333 218 165 121 888 165 766 100 181 726 407 571
181 137 407
876 888 218 571 165 400 218
876 888 218 571 165 400 218 571 681
181 126 407
475 888 571 218 181 126 407 058 157 332 226 845 377 660 441
165 121 218 226 181 121 113 323 333
540 218 571 845 400 845 612
218 226 181 158 540 102 876 888 218 058 660 845 660 540 851
058 660 333 612 845 571 121 102 571 477 681 571 165 134
323 407 681
333 668 058 660 806 217 726 218 121 217 137 845 571 477 681 571
158 226 181 323
158 660 441 165 540 571
158 126 564 058 660 845 400 845 400 485 564 058 660 218 013 407 540 851 218 660 845 400 845 400
333 323
540 441 540 218 102 726 102 612
323 407 681
126 181 218 013 407 726 333 102 126 218 226 181 121 113 323 333
158 226 181 323 400 181 540 571
845 660 058 660 865 726 333 218 218 660 217 323 571 865 540 102 540 851 876 226 333 865 612 217 226 218 158 323 102
333 323
058 660 845 660 218 660
100 126
571 612 158 660 441 726 333 165 121 218 226 181 121 113 323 333
158 226 181 323
876 888 218 121 036 668 218 845 400 845 400
845 400 845 400 865 726 333 218 571 218 660 477 181 681 865 540 700 165 121 100 181 726 407 571
845 400 845 400 100 126
845 400 845 400 540 441 100 126 058 226 571
158 612 441 400 218 865 216 407
845 400 845 400 540 441 100 126 100 126
100 126 845 521 845 521 113 564 121 865 681
217 121 333 121 612 218 165 121 113 323 333
400 181 540 571
181 137 407 876 888 218 126 571 013
400 477 672
058 400
126 407 121 845 613 218 100 540 181 612 806 540 218 165 540 571 540 441 121 333 660 100 137 407 540 441 613 218 540 218
058 660 333 323 165 400 218 865 888 333
481 134 058 400
158 126
571 323 477 332 540 218 612 400 333 845 571 013 113 218
058 400 158 375 564 165 121 113 181 668 766 441
407 612
058 400
400 333 624 165 134
165 134 441 485 540 333 475
485 540 333 475 400 333 845 165 134 564 058 157 377 660 441
158 126
100 137 407
058 660 865 726 333 121 571 612 121 333 660 100 137 407
126 700 540 851 407 126 333 323 165 400 218 165 540 571 865 888 333 441
333 660
865 726 333 121 181 137 407 400 218 165 540 571 100 137 407
323 407 681
876 888 218 845 660 058 660 571 612
158 681 126 571 612 121 324 226 181 121 113 323 333 126 700 540 851 407
058 400
571 681 102
181 137 407 876 888 218 165 400 218 100 653 158 400 441
876 888 218 571 165 400 218 332 126 218 165 134
845 323 333 218 407 181 726 100 766 165 121 100 653
158 126
158 126
627 400 218 571 876 888 218 181 637 613 571 226 441 726 333 627 121
158 126
158 660 441 165 400 218
540 441 158 612 571 865 612 218
407 540 571 540 441 726 333 058 157 113 681 571
845 660 058 660 571 612 571 888 102 700 747 851 058 660 865 726 333 218
876 888 218
876 888 218 845 660 058 660 865 726 333 218
165 540 571
165 121 100 653
165 400 218
100 126
612 218 540 851
126 407 121 712 217 323 113 485 165 400 218
876 888 218
165 121 100 181 726 407
845 540 845 165 121 100 181 726 407 217 323
058 400
165 134 441 165 121 100 181 726 407
102 726 102 612 865 540 181 217 226 218 540 218 113 485 058 660
181 226 218 571 571 612 876 888 218 226 181 571 865 612 158 400 806 540 333 165 540 571 100 137 407
126 571 612 218 660 700 540 851 441 058 660 333 323 540 333 165 540 571
407 540 218 612 400 333 845 876 888 218 121 100 668 218 165 540 571
876 888 218 571 165 400 218
121 407 540 218 612
845 660 058 660 333 323 876 888 218 165 540 571 540 441
540 218 571 333 726 218 876 888 218 126 700 013 218 540 218 865 888 441
126 700 013 218 540 218 865 888 441 126 571 407 332 612 102
218 226 181 876 888 218 126 806 217 726 218 726 333 165 121 100 332 681 333
165 400 218 540 441 121 407 540 218 612 441 113 681 571
845 660 058 660 333 323 876 888 218 165 540 571 540 441
165 400 218 181 137 407 571 475 888 571 218 181 126 407 475 540 333 475 766 441 113 681 571 845 888 441 613 218 540 218
876 888 218 845 660 058 660 700 540 851 407 165 400 218 400 333 121 102 672 181 137 407 571
475 612 475 612 058 400
475 612 475 612 441 102 668 700
876 888 218 571 165 400 218
845 660 058 660 333 323 876 888 218 165 400 218 540 441
407 400 333 058 660 181 137 407 400 218 165 400 218 400 333 845 218 226 181 876 888 218 165 400 218 540 441
876 888 218 540 441 165 400 218 332 126 218 165 134
121 333 323 441
540 218 540 441 121 407 668 441 333 323 441
332 126 218 165 132 540 441 121 407 668 441 333 323 441
217 137 845 217 216 181
126 845 323 333 218 700 540 851 407 058 660 333 323 226 333 612 121 806 165 323 441 700 540 851 441
