058660 865726333218 218660 571612 165121 100137407
181137407 165134441 121 100653 865540700 158540441 158400218
400333845 121 845013217612
058660 865726333218 218660 181137407 400218 165540571
181137407 400218 165540571
158400806 121 845332540851407
323407681 333668
876888218571 165540571
876888218571 165400218
876888218 540441 540218
181137407 407400333 058660 218681407 540218 668218
218681407 540218 668218
058660 865726333218 540218 540333
477137218 165400218 726333
165400218
058226571
323407681
323477613 540218 888477
218681407 165121 845013217612 668218
126 700540851407 540218 865540181 407888102 668218
181226218571 571612
058400
477137181 540218 668218
876888218571 540218
181137407
181137407
876888218571 165400218
217226218 540218
217226218 540218
217226218 540218
540441 165400218 113485 165841 845013217612
407400333 058660 113612845 540218 218660 165121 845013217612
113612845 540218
477137218 540218 540333 323407681
323407681
876888218 564 058660 217121333121 845660
126181 181226218 158216 477181681 865540700 165540571 113485 121 876126181
876888025
876888218
876888218571 165540571
121 571102126181 540218 158400441 121 571102126181
217540806 158540102 121 407540571 323407681 407888102 726333
058400
876888218 540441 540218 121 100013181
181137407 400218 165121 100137407
181137407
876888218571 165540571
876888218571 165540571
876888218571 165400218
876888218571 165400218
165400218
876888218 121 333126571 845013217612
058400 058400
165540571 121 100888218766113181126
876888218571 165400218
876888218571 165400218
113485 102540181407
113485 102540181407
058660 845323333218 333323 876888218 165612441 700540851441 564
876888218571 165400218
121 100121181660333
407400333 058660 571681 100121181660333
876888218 845660 058660 571681
876888218571 165211218
876888218 540441 540218
407400333 058660 571681 407540218612
165400218571 121 407540218612
865726333121 181137407 400218 121333888165766 100137407
165540571 540441 121 218888481540851 100137407
121 100653
540218571 121 100888135612
100888333612
113612181 100888333612
181137407
165134441 400181540571
477612407121100660
876888218571 540333 165121 158668571
165400218
407400333 058137 113612845 540218 218137 165121 845013217612
845013217612441 158888851217332612
113612845 540218 218660 165121 845013217612
126181 323477613 165121 845485
165134 058660 217323
165134
100332888377 058157 158134
100332888377 058157 158134
571540218 845668333
876126 845323333218 865612 218332126 165540571
845888441 165540571 332540851
571681 158226181323
158226181323
165400218571 332126218
158660441 726333 165121 218226181121113323333 400181540571
158126
058400 158126
158126 845400845400
571681 158126 845400845400
158226181323
158226181323 845400845400
540441 540218 845400845612 726333 165121 113323333
477332226571 165121 100888218613
165134 058660 217323
571681
718226181323 845400845400
158226181323 845400845400
181226218 165121 100653 218013407 726333 165121 113323333
158226181323 400181540571
158226181323
400181540571 158668 564 058660
400181540571 158668 564 058660
333726218 217121333121 845660 540218
876888218571 540333 165134
876888218571 540333 165134
876888218
181137407
876888218 540441 540218
407400333 058660 217226218 540218
407400333 058660 217226218 158540102
407400333 058660 217226218 158540102
158226181323 400181540571 158226181323
407400333 058660 217226218 158540102
477137181 165540571 888477
126102 571485612 126102 571485612 100681100612
126102 571360612 126 845540845613218 700540851407 165400218 865137845 571407134 058660
126 845540845613218 700540851407 540218 865137845
158226181323
126102 571485612 126 571407134845 058660 126102 332612181612 333126571
058660 865726333121 218888481 102612
218888481 102612
126102 181323333571162
323407681
126102 571485612 400181540571
126102 571485612
126181 477137218 540218 121865681
217137845 100126
540218571 121865681 540218571 121865681
876888218 407400333 145660 845660 865540700 165540571
876888218571 165540571
100181726407
100181726407
540218571 121865681
540218571 121865681
181137407 540218571 323806766 158375
540218571 323806766 158335
158226181323
540218571 121865681
181137407
876888218 121100668218 165121 100181726407571
876888218 121100668218 165121 100181726407571
477081407121882660
058660 407400333218 217226218 102612 407400333 058660
477612407121100660
058660
475888571218 217121333121 612218 165121 407323102 400333845 165400218571 013181
158375
876888218571 165400218
121 845013057612
323477613
165134 564 571323 102226333612 218653441
102726102121 218660 102226333612 218653441
323407681
865888441 165400218 217137845
845660 165612441 571407865612407
333323
165134
100540181845 165226102 888477
323407681
876888218
218681407 165226102 845668333
876888218
058400
876134441 845400845612
845400845612 333726218 158375
845400845612438 333726218 158375
477332540218612 477332540218612
158375
876888218
845400845612
876134 845540845 540218 217323
058660 865726333218 165400218 865888333
845400845612
126181 217323 217226218 058157 100181726407
165540571 540441 121 100181726407
571681
102726102612
100181726407
158375
323407681
333668 876888218
400181540571
332226845612
540441 366540571 121 100181726407
876888218
323407681
158540218 165121 100181726407571
217137845
865681218 121 571226407613845
181226218 102612 217226218 165540571
058157 121 102888851407612
323407681
333668 865681218
181226218 102612 217226218 165226102 100540181218 888477
400181540571
100181726407
100181726407
217226218 165121 100181726407
571681 102726102121
217226218 165121 100181726407
217323 865126181845 400181540571
323407681
323407681
876888218571 165400218 400181540571
876888218571 165400218 121 100181726407
165400218
165400218571 121 218226181121113323333
165400218571 165121 113323333
571681
158226181323
058660 865726333218 218660 571477612407 218660 400181540571
571681 158226181323
876888218571
058660 158400806 218660 218226181 102612
100181726407
058660 511726333218 165121 100181726407571
571681 100181726407
407400333 058660
100181726407
058400 165400218
845400845612 165540571 540441 121 845400845612
323407681
845400845612
323407681
323407681
571681 100181726407
571681 700400851407 058660 113485 121 100181726407
181226218 102612 377323 058660 571888102700540851
181137407
407400333 058660 100332888377 165121 845013217612441 158134
181137407 158668 571013113218
407400333 058660 845660 165400218
865726333218 218660
158375
540441 121 100332888377
100332888377 400181540571540441 158134
540441 165400218 876888218 121 845013217612 571226441
332540102226102100766 876226333 377612333121 571226441
876888218 121 571013113218 375
113612181
876888218571 165400218
158226181323
058226571 165400218571 332126218
165400218571 121 217137845 217216181
865888441 540218 845400845612
400333571766 165121 113323333
400333571766 165121 113323333
158126
158126
165400218571 876888218 181485613 571226441 726333 165121
158126
158660441 165400218
540441 158612 571865612218
407540571540441 726333 058157 113681571
845660 058660 571612 571888102700540851 058660 865726333218
876888218
876888218 845660 058660 865726333218
165540571
165121 100653
165400218
323407681
876888218 121 333126571 158888217 113485 165121 100681100612
113013181 845668333
845660 058660 865726333218 165540571
121 333126571 407540571
700540851407 058660 407121845 100332888377 165121 845726181612441 158134 218660
571181612477612
181137407 058660 407121845 100332888377 165121 845726181612441 158134 218660
485 058157 323333 158134
845660 058660 865726333218 218660 181137407 400218 165121 100137407 121217226333
058660 181137407 400218 540218
540218 571102226181441 217137845 218660
181137407 400181540571
181137407
477612407121100660
477612407121100660
477373407121100660
407400333 058660 845660 165400218
165134441 876888218 571102226010441 217137845
181137407 571102226181
571102226181 217137845
165400218571 121 865540407540845 181400113 584660 102888851407612
181137407 158375441 571888102700540851 218660 218888481
113015181 165400218
876888218571 165400218
165400218571 218660 571612 058157571226181113
181137407 165134 058660 564
165134441 165121 100681100612
217540806 400181540571 121 407540571
058371
323407681
564 058660 181540407540851 540218
058226571
058226571
845888441 165400218 113612181 217137845 218660 058157 218888851
158375
540218571 323407681
165400218 400181540571 540333 165121 477540407481766
217726218 058157 113540851217766441
218540407672 102612
218540407672 102612
218540407672 218540407672 218540407672
876888218571 165400218
165612441 564 845400845612441
400181540571 102726102612 333726407218 165226102 845668333
217121333121 845660
165134
058660 181126407 165121 100181726407571
571681 100181726407571
876888218571 165540571 400181540571
121 100181726407 121 100181726407
181137407 400218 165400218 845726181612
876888218 845660 058660 700540851407 121806 165400218 845726181612
400181540571 407888102 158375
121 100226218766 865888333
865888333 165400218 865540181 113181400477
540333 165121 100332612441
407888102 158375 126 865726333218 058660 218660 571540218 888477 158375 113485 475888571218 121
102540333540218
126 865726333218 218660 377323 058660 571888102700540851
181137407
845660 058660 332540102226102100766 165540571
158375441 121 477888477540218
158226181323 400181540571
158668 564 058660
865726333121 477226218 102612
058660 845323333218 181126407 540218
323407681
407013181 845400845612 726333 165121 218226181121113323333
058660 845660 165400036
165400218571 332126218
333668 477761407 888477 165121 218226181121113323333 400333845 571681 158226181323
158226181323 845400845612
058400
217137845
876888218571 165400218
165400218571 121 181540218672 218653 845726181612
181137407 158612441 217726218 121 441540477766 400181540571
165134 865282 217323
407013181 845400845612
323407681 325668 181137407
165540571 540441 121 441540477766
165540571 441540477766441 121 181540218672 100540218 158564845
058660 865726333121 218332126 540218
058660 218332126 540218
058400
752668 865726481 165540571
407400333 058660 888333218126 165540571
181137407 400218
102726102612441 217121333121 218126 540218
400333845 058660 888333218126 540218
165400218571 332126218
217323 121158226845
477137181 165540571 865888333
333323
333726218 181126407 165400218
058660 181126407 165121 218226181121113323333
876888218571 165400218
876888218571 165400218
165400218
165134 058660 217323
126 100226218 058660 407121845 332400218672 165400218 218681100672 121100668218 226333612 865681 126 477137218 058660
058400 058660 217726218 540218 407540845323
181226218571 571540218 888477 158375
333323 540218 845888441613218
323407681 058660 571540218 165765 400333735 126181 477137218 058157 377660441 100400407 726333
158126 100681100612
217540806 165121 100681100612 121 407540571 058660 865726333218 218660
058660 865726333121 217226218 218660 165612441 218653441 845323333218 058660
181226218571 217226218 845668333 400333845 217226218 218660 165612441 218653441
217323 218660 540218 407540845
181137407 400181540571 332540102226102100766
165540571
876888218571 540333 165134
876888218 540441 540218
058660 333323 272100668218 165400218
876888218 540441 165400218
407400333 058660 477137181 540218 668218
217226218 540218
876888218 540441 540218
876888218571 165400218
876888218 540441 540218
407888102 158375 540441 540218 121 845013217612
876888218571 121 845013217612 571681 400181540571
876888218 845888441 165540571 845013217612 571681
876888218 226181571 845888441 158612 571681
158375441 121 100332888377 113485 158540441 158134
323407681
865726333218 218660 100332888377 540218
181137407
407865400407
540441 540218 217137845 218660 612218 013181 332126218
217540806 165121 845013217612 571121102
100332888377 158540102
058400 158612181 181126407 165400218
564 058660 333726218 217323540851 218660 218013407 400218 013181
126 700540851407 377612 571226845 865888333 865216845
407888102 158375
126181 218226181 058660 876888218
181226218571 181137407 400218 165540571 100137407
181137407 400218 165121 100137407
165134441 121 100888333612 540333 165540571 100137407
333888700540851 058660 407400333 332612181612 218013407 121100668218 165323
218888481 165540571 181137407
571612 158668 540218 540441
571013113218
876134441 165121 100653
477612407121100660
058660 845660 540218
058400
477612407121100660 100653
876134 540441 158612
876134 540441 158612
477612407121100660
876888218 226181571 058660 571612
181137407
121 100653 400333845 121 217216181
126 100226218 058660 407400333 571102226181 165540571 571102226181
865137845 058660 181137407
181137407
165134441 165121 100681100612
845323333218 571102226181 165121 100681100612
181137407 400218 165121 100681100612
806658407 400218
165134441 400181540571
181226218571 571612
113612181 165540571
333668
876888218571 165400218
165400218 100681100612
203134441 203121 100888333612 571181612477540851
333126218 333126218
845400845612
121 407540218612
845686 058686 700540851232 540218571 121 232540218612
058660 407400037 700540851407 540218571 121 407540218612
540441 165400218 121 407540218612
158375 407540218612 407540218612 571181612477540851 407540218612
181137407 058660 407400333 571218540407 058157 113540851217766 540333 165134
571218540407 058157 262540851217766 540333 165400218 158323181 332126218
217137845 217216181
333668 181226218571 571612 876888218571 165121 100681100612 571681540851
100126 100126 400181540571
100126 100126
100126 100126
400181540571
845013217612 217726218 121 407540571 113332121102 058660
876888218 845888441 165121 845013217612 571681 400181540571
407600102 158375
158126 400181540571 158126
058660 332612181612 158681218 165540571 700540851 845323333218 058660
876888218 540441 165540571
865726333121
218888481 540218
865726333121 477137181 158540441 218888851
865726333121 407888102 668218
181137407
058660 407400333 407181323441 165121 845485 726333 158540441 158226845
377612 332612181612 158681218571 540218
323407681 013181 332126218
540218571 013181 332126218
126 477137218 540218 121865681
540218571 013181 217013333
540218571 013181 217013333
165400218571 540333407332226845121100672
126 845323333218 333323 876126 377612 158681218571 540218 571323 102888481
181226218571 477137218 165121 845013217612 540333
217137845 100126
477612407121100660
876888218571 540333 165134
165134441 121 477726407540218
845400845612
485 845013217612
217726218 058157 113540851217766441
218540407672 102612
218540407672 102612
218540407672 218540407672 218540407672
876888218571 165400218
165612441 884 845400845612441
400181540435 102726102612 333726407218 653226102 845668333
217121333121 845660
165134
058660 181126407 165121 100181726407571
333323 876888218
876134441 564 571540571218766 400181540571
876134 845540845 571540571612 217323
540441 377612 217323540851
217323540851 100126 100126
058660 477540407 876540481 218653 058660 181126407
323407681
126 333323 058660 181126407 165121 218226181121113323333
400333845 126 700540851407 058660 181126407 165121 100181726407571
165121 845013217612
126 217726218 121333 126845612121
058157 540333218660 845540571218332888407377613 564333218 058660 400181540571
158375
876888218 845660 058660 865726333218 218660 845660 865540700 165400218
333726407 540218 845668333
126 333660 540218
876888218 540441 165400218
407400333 058660 571681 100181726407
165400218571 121 100181726407
126 217726218 100181726407571 881218 158323102
323407681
058157 571323 333888218571
876888218 845660 058660 865726333218
876134441 165121 845013217612
845668333 158375
013181 217013333
876888218 845660 058660 865726333218
218226181 102612
058157 217121333121 113013181
571540218 845668333
571540218 845668333
165400218571
058400 165400218571 121 217137845 217216181
876888218 845660 058660 865726333218
876888218 845660 058660 865726333218
218226181 102726102612 876888218 058660 514726333218
400181540571 876888218 845660 058660 865726333218
876888218571 165400218
845323333218 218375
323407681 876888218 845660 058660 865726333218
571540218 845668333
571540218 845668333
865226181 058660 377323 102612 876888218 845660 058660 865726333218
876888218 845660 103660 865726333218
058660 407400333 571218400333645 165134
876888218 845660 058660 865726333218
876888218 845660 058660 865726333218
333323 865681
845660 058660 865726333218 165540571
876888218 540441 165400218
865681218 121 102540333540218
126 571013 571888744700540851 058660 333323
165400218571 121 218216218672
181226218571 571612 540113 865612 407400333 113126333845 121 845888407
165134441 121 113540377612
571540218 845668333
571540218
165134441
121 100216845
635137407 400218 165400218 100216845
181137407 400218 165540571
876888644571 165400644 400181540571
540218571 121 477540217612
540218571 121 477540217612
058660 333323 876888218 477540217612 571226441
845323333218 158540218 540218
113766217226218 540218
126 571612 121 100888333612
126 571612 121 100888333612 726333 158375
100888333612
100888333612 485 100181726407 612165766 865888333
876888218571 165400218
876888218 540441 540218
637137407 400218 540218
540441 540218 121 407540218612
540441 540218 121 407540218612
876888218 540441 121 407540218612
323407681
333323
571540218 845668333 400333845 058660
865612181 477181681 121 217681102 865540700 165612441 323407681
126181 477137218 571888102700540851 100540158126333845
571540218 845668333
845668333
865681218 158668 845540845 058660 217226218 571323 407332681441612
571540218 845668333
400181540571 181137407
571540218 845668333
477612407121100660
400181540571 876134441 165121 845013217612
477612407121100660
165681 113226181 845668333 100540407888441 058660 333726407218 165226102 845668333
571540218 845668333
571540218
571540218
013181 217013333
013181 217013333
876888218 845660 058660 865726333218
508181540571 181137407 845668333 165134
218226181 102612 876888218 058660 865726333218
058157 217121333121 113181126
865226181 407181126102 888477
158375 126181 102660806 165612441 323806766
407181126102 888477
165400218571 217137845
165400218571 217137845
165134 377612 540441
726333 102726102612441
181400477
333323 058157 333726218 181612806540851
058230806 217726218 218230 571218681 407181323441
876126 845323333218 865612 407013181 845400845612
181226218571 407013181 158540102 332126218 333668
876888218
323407681
158226181323 181226218571 218013407 218660 845400845612
058226571 400181540571 540441 158375
218226181 845400845612 876888218 058157 845660540851
865681218 121 571226407613845
126181 477137218 226806332612700540851 726333 158375 571323 058660 865323333218 158400806 218660 217226218 845668333 113485 226333612700540851
876888218
158375
058660 865726333218 165121 845013217158668571
181137407
876888218571 540333 165134
865226181 126 845323333218 333323
058660 181137407
845323333218 700332323 540218 845668333
181137407 400181540571
181137407
477332540218226333845
876888218571 540333 165134
126 845323333218 333323
058660 113126333845 668218
540218571 571323 217137845 218660 612218
612218 540218 400333845 217323
323407681 876888218 226181571 540441 540333 165134
377660441
058400 377660441
407400333 058660 571681 377660441
876888218571 165400218
876888218571 165400218
400181540571 876888218571 165400218
058157 217121333121 113013181 726333 058157 158226845
100681100612
100681100612
876888218571 540333 158375
876888218 876888218 876888218
400181540571 377660
165134441 571888102700540851 226181571 165323
126 845323333218 333323 540113 058660 571013 540218
407888102 158375
876888218 540441 165400218
058157 571323 407332681441612
217226218 100400407 540333 158375
876888218 540441 165400218
540441 165540571 121 100013181
058660 865726333218 102612 218660 181612806 058660 121181323333
400102 126 100612540851 102612333 218660 058660
217226218 165121 845013217612
058660 217226218 165121 845013217612
400181540571
181137407 400218 165400218
407888102 158375
165400218571 876126 865612 158400845 058660 332540571218332681333845
126 333660 165134 865888441 121 332612441613
407888102 158375
876888218571 165400218
876888218571 165400218 121 845013217612
876888218571 165400218
181137407
876888218 540441 540218
876888218571 165400218
181137407
876888218 540441 540218
876888218 540441 165400218
876888218571 165400218
540441 165400218 121 845888407
058400
876888218571 165400218
126102 217121333121 571681
876888218571 165400218
845013217612
876888218 845888441 165400218 845013217612 571681
113766217226218 540218
876888218571 165400218
100121181660333
100121181660333
100121181660333
571102226181 165400218
333888700540851
477612407121100660
181137407
876134441 165121 100653
845323333218 477137181 540218 013113
477612407121100660
058660 181126407 165400218
323234681
158660441 165400218
865726333121 181137407 400218 165121 100137407 100681100612
058660 377323 102612 165121 100137407 876888218 845660 058660 571612
121 100888217 058226571
126 571612 121 100888217
876888218 226181571 845660 058660 571612
121 100181726407 058400 121 100888217 540441 726333 121 100181726407
100181726407
876888218 540441 165400218
540218 540441 121 407540218612
400333845 876888218571 165400218
407865400407
333323 165400218571 333726218 121 407540218612
407865400407 407865400407 386888218 540441 540218
540026571 121 845888407
345218571 121 845888407
181226218571 181137407 400218 571121102 102485 121806 165540571 675137407
126 700540851407 540218571 121 477332540218612 865888333
876888218571 165540571
845013217612
845660 165681
876888218 845660 165681 158400806 540333 165134 102668165441
571612 165400218 332126218 165134
876888218 540441 165400218 540333 165134 102668700
121 100653
876888218571 540333 158540441 158400333845
540218571 333726218 058157441
540441 540218 058157441
058660 865726333218 218660 102681407 540218
865726333121 218681407 540218
540218571 121 158400218
113485 158540441 158134
540218571 121 158400218
377660441
377660441
377660441 181126407 400181540571 158400441
377660441
126 865726333218 165540571
673375441 673540441 377660441 400333845 165226333 673540441
876888218
571726407571
571726407
400333845 181137407 400218 876888218 165121 407540218612441 477181681540851 865540700
540441 165400218 058157 407540218612
102726102612
102726102612441 158375
058660 181126407 102726102612441 477332540218612 058400
876888218571 165400218
100888218766113181126
100888217
100888217
413333845 876888218571 165413218
113485 475660571
876888218571 165540571
058660 333323 165400218 865216845
876888218 540441 165400218
571540218
540333 876888218
540333 121 481134
058660 571226845 481134 100540113485
481134
481134
806134612 217137845
481134
100121181660333
181726218012 121806 100121181660333441
400333845 876888218571 165540571 332126218 158375
407888102 158375
171888218 845888441 165540571 571681
540218571 121 481540407
323407681 540218571 121 481540407
113181668766441
058660 865726333218 218660 571102226181 165226102
845660 165681 571730226181
564 165323441 113485 102726102612
126 571612 845564181540851
845540845 058660 407668333218 013181 121806 165226102
165400218571 121 407540218612
865614333121 181137407 400218 121333888165766 100137407
165540571 540441 121 218888481540851 100137407
121 100653
540218571 121 100888333612
100888333612
113612181 100888075612
181137407
165134441 400181540571
477612638121100660
876888218571 540333 165121 158668571
058660 102612333 100013181
100013181
158612 845540845 158400806 121 100013181 100121218 540218 865888441 726333 158540441 100400407
400333845 165134441 121 100653 865540700 158540441
865726333218 571888102700540851 226181571
126 865726333218 218660 217741806 058660 121 407741571 664181741571
876888218 121100668218 165540571
058660 865726333218 218660 571612 165400218
058660 865726333218 158540102 218660 100126218
165400218571 876134 165400218 865216845 407681102 113332121102
540113 477888477612 100126218571 477888477612 217226218571 571477400851407218
126 333323 876888218 865612 407400333 845660
333323
323407681
865726333218
058660 407400333 323477613 540218 540113 058660 865726333218
058660 865726333218 102612 218660 218681407 102126 158400333845 668218
126181 218681407 102126 158400333845 668218
058660 407400333 323477613 400333845 407181323441 540218 540113 058660 865540377
540218 340400333218 102660806
102726102612 845888441613218 158400806 158216 158400333845 540333 165134
477323407
540218 865323333218 100126218 058660
102726102612 845888441613218 158400806 158216 158400333845 540333 540218
058660 407400333 571477400851407 540218 540113 540218 100126218571 058660
865726333121 407181323441 540218
323407681
865888441 058157 113540851217766 540333 165134
323407681
540218571 333126571 540441613218 540218
058660 407181323441845 540218571 218888851 540333 165121 845485
876134441 187157 218888851
181226218 102612 571612
165400218571 332126218
181137407
058400
876134441 540218571 333323441
165134441 540218571 218888851
058660 407400333 407181323441 540218
407181323441 540218 845668333
865226181 865612 158400806
323477613 540218 121 181540218672 100540218
876888218
126 571612 058660
865681218 181226218571 845323333218 407181323441 165121 218888851 407162477181612218181612 668218
407126333845 121806 181660571
845660 058660 865726333121 477137218 058157 158400333845 540333 165134
181137407 400218 165400218 400181540571
181137407 400218 876888218 058660 407400333 845660
521400
181137407 540333 165134
400333845 571612 058660 102681407 158540102 102660806 876226333 058660 845660 165400218
540441613218 165400218 540333218332121571218540851
058660 865726333218 158540102 218660 100126218
407400333 058660 102681407 158540102 100126218
158375
102681407 158540102 100126218 102726102612
058660 571218540407 058157 158400333845 540333 165134
058660 700540851407 158612181 100126218 102726102612
100126218
100126218
865681218
845323333218 073137181 540218
181226218571 477137181 540218 845668333 181126407 165400218
323407681
333323
100126218
158540441 477157 218888851
181226218571 571218888113 158540441 218888851 540333 165134
323407681
165134
217137845 217216181
058157 806134612 407134113672
865226181 165540571 407126333845 121806 100126218571 218660 845888441613218 540218
571612 165540571 100126218571 845668333
481013102477
333888700540851 668218 165134441
540333218332121571218540851
181137407
158226181563 400181540571
102126 333681102 540441
876888218 540441 158540441 333681102
845400477766 845400333
845400477766
477137218 058157 571121571477226333845766 726333
100888218613
100888218613
100888218613
333668
865612181 475888571218 477137218 158540102 323806766 165134 113485 121 102540333540218 323407681
102681100612 845400477766 845400333 865726333218571 218660 217323 540333 165134 876888218 845660 058660 700540851407
377137845 126 477137218 845400477766 845400333 540333 165134 865540700 165121 181126613
540333 865540700 165121 845332400217613
181226218571 571612 540113 165681 865726333218 218660 477181681
158126 845400477766 845400333
158226181323 845332400217613
058660 865726333121 407540571
181137407 102126 218612700
181137407 102126 218888851 126 217540806 058660 121 407540571
671407681
323407681
126 865323333218 102681407 158540102 407888102 668218 700332660 165121 100564441
126102 571485612
158226181323 126102 113332226333845181612
126102 333126571
876134441 102126 218888851
876134821 102126 400477672
158612441 121 102668571
158612441 612218540851 477564218 121806 165121
865681218 121 102540333540218
571540218 845668333
477540407 571888102700540851
876888218 845660 058660 865726333218
100181726407571 400333845 100137407571
865726333218 165121 888165766 100181726407571
181137407
876888218571 165400218
876888218571 165400218 571681
181126407
475888571218 181126407 058157 332226845 377660441
165121 218226181121113323333
540218571 845400845612
218226181 158540102 876888218 058660 845660540851
058660 333612845 571121102 571477681571 165134
323407681
333668 058660806 217726218 121 217137845 571477681571
158226181323
158660441 165540571
158126 564 058660 845400845400 485 564 058660 218013407540851 218660 845400845400
333323
540441 540218 102726102612
323407681
126181 218013407 726333 102126 218226181121113323333
158226181323 400181540571
845660 058660 865726333218 218660 217323 571865540102540851 876226333 865612 217226218 158323102
333323
058660 845660 218660
100126
571612 158660441 726333 165121 218226181121113323333
158226181323
876888218 121036668218 845400845400
845400845400 865726333218571 218660 477181681 865540700 165121 100181726407571
845400845400 100126
845400845400 540441 100126 058226571
158612441 400218 865216407
845400845400 540441 100126 100126
100126 845521845521 113564 121865681
217121333121 612218 165121 113323333
400181540571
181137407 876888218 126 571013
400477672
058400
126 407121845613218 100540181612806 540218 165540571 540441 121 333660 100137407 540441613218 540218
058660 333323 165400218 865888333
481134 058400
158126
571323 477332540218612 400333845 571013113218
058400 158375 564 165121 113181668766441
407612
058400
400333624 165134
165134441 485540333475
485540333475 400333845 165134 564 058157 377660441
158126
100137407
058660 865726333121 571612 121 333660 100137407
126 700540851407 126 333323 165400218 165540571 865888333441
333660
865726333121 181137407 400218 165540571 100137407
323407681
876888218 845660 058660 571612
158681 126 571612 121 324226181121113323333 126 700540851407
058400
571681102
181137407 876888218 165400218 100653 158400441
876888218571 165400218 332126218 165134
845323333218 407181726100766 165121 100653
158126
158126
627400218571 876888218 181637613 571226441 726333 627121
158126
158660441 165400218
540441 158612 571865612218
407540571540441 726333 058157 113681571
845660 058660 571612 571888102700747851 058660 865726333218
876888218
876888218 845660 058660 865726333218
165540571
165121 100653
165400218
100126
612218540851
126 407121712 217323 113485 165400218
876888218
165121 100181726407
845540845 165121 100181726407 217323
058400
165134441 165121 100181726407
102726102612 865540181 217226218 540218 113485 058660
181226218571 571612 876888218 226181571 865612 158400806 540333 165540571 100137407
126 571612 218660 700540851441 058660 333323 540333 165540571
407540218612 400333845 876888218 121100668218 165540571
876888218571 165400218
121 407540218612
845660 058660 333323 876888218 165540571 540441
540218571 333726218 876888218 126 700013218 540218 865888441
126 700013218 540218 865888441 126571 407332612102
218226181 876888218 126806 217726218 726333 165121 100332681333
165400218 540441 121 407540218612441 113681571
845660 058660 333323 876888218 165540571 540441
165400218 181137407571 475888571218 181126407 475540333475766441 113681571 845888441613218 540218
876888218 845660 058660 700540851407 165400218 400333121102672 181137407571
475612475612 058400
475612475612441 102668700
876888218571 165400218
845660 058660 333323 876888218 165400218 540441
407400333 058660 181137407 400218 165400218 400333845 218226181 876888218 165400218 540441
876888218 540441 165400218 332126218 165134
121 333323441
540218 540441 121 407668441 333323441
332126218 165132 540441 121 407668441 333323441
217137845 217216181
126 845323333218 700540851407 058660 333323 226333612 121806 165323441 700540851441
