634 574 110 833 180 454 454 574 142 804 501 240 576 164 670
686 164 670 501 803 374 240 440 858 110 821 171 018 821 374 018 013 454
013 180 641 240 641 878 588 804
634 574 110 833 180 454 454 574 686 164 670 013 454 501 821 142
686 164 670 013 454 501 821 142
018 013 158 240 641 810 821 201 670
068 670 861 180 055
176 321 454 142 501 821 142
176 321 454 142 501 013 454
176 321 454 821 374 821 454
686 164 670 670 013 180 634 574 454 861 670 821 454 055 454
454 861 670 821 454 055 454
634 574 110 833 180 454 821 454 821 180
375 164 454 501 013 454 833 180
501 013 454
634 043 142
068 670 861
068 375 413 821 454 321 375
454 861 670 501 240 641 878 588 804 055 454
088 171 821 201 670 821 454 110 821 686 670 321 753 055 454
686 043 454 142 142 804
634 013
375 164 686 821 454 055 454
176 321 454 142 821 454
686 164 670
686 164 670
176 321 454 142 501 013 454
588 043 454 821 454
588 043 454 821 454
588 043 454 821 454
821 374 357 013 454 703 552 357 240 641 878 588 804
670 013 180 634 574 703 804 641 821 454 454 574 501 240 641 878 588 804
703 804 641 821 454
375 164 454 821 454 821 180 068 670 861
068 670 861
176 321 454 263 634 574 588 240 180 240 641 574
088 686 686 043 454 018 813 375 686 861 110 821 171 501 821 142 703 552 240 176 088 686
176 321 454
176 321 454
176 321 454 142 501 821 142
240 142 753 088 686 821 454 018 013 374 240 142 753 088 686
588 821 158 018 821 753 240 670 821 142 068 670 861 670 321 753 833 180
634 013
176 321 454 821 374 821 454 240 576 878 686
686 164 670 013 454 501 240 576 164 670
686 164 670
176 321 454 142 501 821 142
176 321 454 142 501 821 142
176 321 454 142 501 013 454
176 321 454 142 501 013 454
501 013 454
176 321 454 240 180 088 142 641 878 588 804
634 013 634 013
501 821 142 240 576 321 454 474 703 686 088
176 321 454 142 501 013 454
176 321 454 142 501 013 454
703 552 753 821 686 670
703 552 753 821 686 670
634 574 641 068 180 454 180 068 176 321 454 501 804 374 171 821 201 374 263
176 321 454 142 501 013 454
240 576 240 686 574 180
670 013 180 634 574 142 861 576 240 686 574 180
176 321 454 641 574 634 574 142 861
176 321 454 142 501 013 454
176 321 454 821 374 821 454
670 013 180 634 574 142 861 670 821 454 804
501 013 454 142 240 670 821 454 804
110 833 180 240 686 164 670 013 454 240 180 321 501 474 576 164 670
501 821 142 821 374 240 454 321 710 821 201 576 164 670
240 576 858
821 454 142 240 576 321 180 804
576 321 180 804
703 804 686 576 321 180 804
686 164 670
501 803 374 013 686 821 142
375 804 670 240 576 574
176 321 454 142 821 180 501 240 018 055 142
501 013 454
670 013 180 634 574 703 804 641 821 454 454 574 501 240 641 878 588 804
641 878 588 804 374 018 321 201 588 810 804
703 804 641 821 454 454 574 501 240 641 878 150 804
088 686 068 375 413 501 240 641 552
501 803 634 574 588 068
501 803
576 810 321 874 634 063 018 803
576 810 321 874 634 063 018 304
142 376 454 641 055 180
176 088 641 068 180 454 110 804 454 810 088 501 821 142
641 321 374 501 821 142 810 821 201
142 861 018 043 686 068
018 043 686 068
501 013 454 142 810 088 454
018 574 374 833 180 501 240 454 043 686 240 703 068 180 013 686 821 142
018 088
634 013 018 088
018 088 641 013 641 013
142 861 018 088 641 013 641 013
018 043 686 068
018 043 686 068 641 013 641 013
821 374 821 454 641 013 641 804 833 180 501 240 703 068 180
375 810 043 142 501 240 576 321 454 413
501 803 634 574 588 068
142 861
018 043 686 068 641 013 641 013
018 043 686 068 641 013 641 013
686 043 454 501 240 576 858 454 878 670 833 180 501 240 703 068 180
018 043 686 068 013 686 821 142
018 043 686 068
013 686 821 142 018 055 263 634 574
013 686 821 142 018 055 263 634 574
180 833 454 588 240 180 240 641 574 821 454
176 321 454 142 821 180 501 803
176 321 454 142 821 180 501 803
176 321 454
686 164 670
176 321 454 821 374 821 454
670 013 180 634 574 174 043 454 821 454
670 013 180 634 574 588 043 454 018 821 753
670 013 180 634 574 588 043 454 018 821 753
018 043 686 068 013 686 821 142 018 043 686 068
670 013 180 634 574 588 043 454 018 821 753
375 164 686 501 821 142 321 375
088 753 142 552 804 088 753 142 552 804 576 861 576 804
088 753 142 628 804 088 641 821 641 413 454 171 821 201 670 501 013 454 110 164 641 142 670 803 634 574
088 641 821 641 413 454 171 821 201 670 821 454 110 164 641
018 043 686 068
088 753 142 552 804 088 142 670 803 641 634 574 088 753 810 804 686 804 180 088 142
634 574 110 833 180 240 454 321 710 753 804
454 321 710 753 804
088 753 686 068 180 142 022
068 670 861
088 753 142 552 804 013 686 821 142
088 753 142 552 804
088 686 375 164 454 821 454 240 110 861
588 164 641 576 088
821 454 142 240 110 861 821 454 142 240 110 861
176 321 454 670 013 180 634 574 641 574 110 821 171 107 821 142
176 321 454 142 501 821 142
576 686 833 670
576 686 833 670
821 454 142 240 110 861
821 454 142 240 110 861
686 164 670 821 454 142 068 158 474 018 885
821 454 142 068 158 474 018 885
018 043 686 068
821 454 142 240 110 861
686 164 670
176 321 454 240 576 055 454 501 240 576 686 833 670 142
176 321 454 240 343 055 454 501 240 343 686 833 670 142
375 804 670 240 576 574
634 574 670 013 180 454 588 043 454 753 804 670 013 180 634 574
375 804 670 240 576 574
634 574
028 321 142 454 588 240 180 240 804 454 501 240 670 068 753 013 180 641 501 013 454 142 878 686
018 885
176 321 454 142 501 013 454
240 641 878 588 804
068 375 413
501 803 263 142 068 753 043 180 804 454 858 374
753 833 753 240 454 574 753 043 180 804 454 858 374
068 670 861
110 321 374 501 013 454 588 164 641
641 574 501 804 374 142 670 110 804 670
180 068
501 803
576 821 686 641 501 043 753 321 375
068 670 861
176 321 454
454 861 670 501 043 753 641 055 180
176 321 454
634 013
176 803 374 641 013 641 804
641 013 641 804 180 833 454 018 885
641 013 641 804 374 180 833 454 018 885
375 810 821 454 804 375 810 821 454 804
018 885
176 321 454
641 013 641 804
176 803 641 821 641 821 454 588 644
634 574 110 833 180 454 501 013 454 110 321 180
641 013 641 804
088 686 588 068 588 043 454 634 063 576 686 833 670
501 821 142 821 374 240 576 686 833 670
142 861
753 833 753 804
576 686 833 670
018 885
068 670 861
180 055 176 321 454
013 686 821 142
810 043 641 804
821 374 501 821 142 240 576 686 833 670
176 321 454
068 670 861
018 821 454 501 240 576 686 833 670 142
588 164 641
110 861 454 240 142 043 670 413 641
686 043 454 753 804 588 043 454 501 821 142
634 063 240 753 321 201 670 804
068 670 861
180 055 110 861 454
686 014 454 753 804 588 014 454 501 014 753 180 821 686 454 321 375
013 686 821 142
576 686 833 670
576 686 833 670
588 043 454 501 240 576 686 833 670
142 861 753 833 753 240
588 043 454 501 240 576 686 833 670
588 068 110 088 686 641 013 686 821 142
068 670 861
068 670 861
176 321 454 142 501 013 454 013 686 821 142
176 321 454 142 501 013 454 240 576 686 833 670
501 013 454
501 013 454 142 240 454 043 686 240 703 068 180
501 013 454 142 501 240 703 068 180
142 861
018 043 686 068
634 574 110 833 180 454 454 574 142 375 804 670 454 574 013 686 821 142
142 861 018 043 686 068
176 321 454 142
634 574 018 013 158 454 574 454 043 686 753 804
576 686 833 670
634 574 110 238 180 454 501 240 576 686 238 670 142
142 861 576 066 833 670
670 013 180 634 574
576 686 833 670
634 013 501 013 454
641 013 641 804 501 821 142 821 374 240 641 013 641 804
068 670 861
641 013 641 804
068 670 861
068 670 861
142 861 576 686 833 670
142 861 171 013 201 670 634 574 703 552 240 576 686 833 670
686 043 454 753 804 874 068 634 574 142 321 753 171 821 201
686 164 670
670 013 180 634 574 576 810 321 874 501 240 641 878 588 804 374 018 803
546 164 670 018 055 142 878 703 454
670 013 180 336 574 641 574 501 013 454
110 833 180 454 454 574
018 885
821 374 240 576 810 321 874
576 810 321 874 013 686 821 142 821 374 018 803
821 374 501 013 454 176 321 454 240 641 878 588 804 142 043 374
810 821 753 043 753 576 474 176 043 180 874 804 180 240 142 043 374
176 321 454 240 185 878 703 454 885
703 804 686
176 321 454 142 501 013 454
018 043 686 068
634 043 142 501 013 454 142 810 088 454
501 013 454 142 240 588 164 641 588 813 686
110 321 374 821 454 641 013 641 804
013 187 142 474 501 240 703 068 187
013 180 142 474 501 240 703 068 180
018 088
018 088
501 013 504 142 176 321 504 686 552 413 142 043 374 833 180 501 240
018 088
018 574 374 501 013 454
821 374 018 804 142 110 804 454
670 821 142 821 374 833 180 634 063 703 861 142
641 574 634 574 142 804 142 321 753 171 821 201 634 574 110 833 180 454
176 321 454
176 321 454 641 574 634 574 110 833 180 454
501 821 142
501 240 576 858
501 013 454
068 670 673
176 321 454 240 180 088 142 018 321 588 703 552 501 240 576 861 576 804
703 878 686 641 055 180
641 574 634 574 110 833 180 454 501 821 142
240 180 088 142 670 821 142
171 821 201 670 634 574 670 240 641 576 810 321 874 501 240 641 833 686 804 374 018 803 454 574
142 686 804 375 804
686 164 670 634 574 670 240 641 576 810 321 874 501 240 641 833 686 804 374 018 803 454 574
552 634 063 068 180 018 803
641 574 634 574 110 833 180 454 454 574 686 164 670 013 454 501 240 576 164 670 240 588 043 180
634 574 686 164 670 013 454 821 454
821 454 142 753 043 686 374 588 164 641 454 574
686 164 670 013 686 821 142
686 164 670
375 804 670 240 576 574
375 804 670 240 576 574
375 804 670 240 576 574
670 013 180 634 574 641 574 501 013 454
501 803 374 176 321 454 142 753 043 686 374 588 164 641
686 164 670 142 753 043 686
142 753 043 686 588 164 641
501 013 454 142 240 110 821 670 821 781 686 013 703 634 574 753 321 201 670 804
686 164 670 018 885 374 142 321 753 171 821 201 454 574 454 321 710
703 804 686 501 013 454
176 321 454 142 501 013 454
501 013 454 142 454 574 142 804 634 063 142 043 686 703
686 164 670 501 803 634 574 263
501 803 374 501 240 576 861 576 804
588 821 158 013 686 821 142 240 670 821 142
634 013
068 670 861
263 634 574 686 821 670 821 201 821 454
634 043 142
634 043 142
641 321 374 501 013 454 703 804 686 588 164 641 454 574 634 063 454 321 201
018 885
821 454 142 068 670 861
501 013 454 013 686 821 142 821 180 501 240 375 821 670 710 474
588 833 454 634 063 703 821 201 588 474 374
454 821 670 558 753 804
454 821 670 558 753 804
454 821 670 558 454 821 670 558 454 821 670 558
176 321 454 142 501 013 454
501 804 374 263 641 013 641 804 374
013 686 821 142 753 833 753 804 180 833 670 454 501 043 753 641 055 180
588 240 180 240 641 574
501 803
634 574 686 088 670 501 240 104 686 833 670 142
142 861 576 686 833 670 142
176 321 454 142 501 821 142 013 686 821 142
240 576 686 833 670 240 576 686 833 670
686 164 670 013 454 501 013 454 641 833 686 804
176 321 454 641 574 634 574 171 821 201 670 240 158 501 013 454 641 833 686 804
013 686 821 142 670 321 753 018 885
240 576 043 454 474 110 321 180
110 321 180 501 013 454 110 821 686 703 686 013 375
821 180 501 240 576 810 804 374
670 321 753 018 885 088 110 833 180 454 634 574 454 574 142 821 454 321 375 018 885 703 552 028 321 142 454 240
753 821 180 821 454
088 110 833 180 454 454 574 874 068 634 574 142 321 753 171 821 201
686 164 670
641 574 634 574 810 821 753 043 753 576 474 501 821 142
018 885 374 240 375 321 375 821 454
018 043 686 068 013 686 821 142
018 055 263 634 574
110 833 164 240 375 043 454 753 804
634 574 641 068 180 454 686 088 670 821 454
068 670 861
670 878 686 641 013 641 804 833 180 501 240 454 043 686 240 703 068 180
634 574 641 574 501 013 454
501 013 454 142 810 088 454
180 055 375 821 670 321 375 501 240 454 043 686 240 703 068 180 013 180 641 142 861 018 043 686 068
018 043 686 068 641 013 641 804
634 013
588 164 641
176 321 454 142 501 013 454
501 013 454 142 240 686 821 454 558 454 858 641 833 686 804
686 164 670 018 804 374 588 833 454 240 374 821 375 474 013 686 821 142
501 803 110 804 588 068
670 878 686 641 013 641 804
068 670 861 180 055 686 164 670
501 821 142 821 374 240 374 821 375 474
501 821 142 374 821 375 474 374 240 686 821 454 558 576 821 454 018 263 641
634 574 110 833 180 240 454 810 088 821 454
634 574 454 810 088 821 454
634 013
180 055 110 833 710 501 821 142
670 013 180 634 574 321 180 454 088 501 821 142
686 164 670 013 454
753 833 753 804 374 588 240 180 240 454 088 821 454
013 180 641 634 574 321 180 454 088 821 454
501 013 454 142 810 088 454
588 068 240 018 043 641
375 164 686 501 821 142 110 321 180
180 068
180 833 454 686 088 670 501 013 454
634 574 686 088 670 501 240 454 043 686 240 703 068 180
176 321 454 142 501 013 454
176 321 454 142 501 013 454
501 013 454
501 803 634 574 588 068
088 576 043 454 634 574 670 240 641 810 013 454 558 501 013 454 454 861 576 558 240 576 055 454 043 453 804 110 861 088 375 164 454 634 574
634 013 634 574 588 833 454 821 454 150 821 641 885
686 043 454 142 142 821 454 321 375 018 885
180 068 821 454 753 321 374 413 454
068 670 861 348 574 142 821 454 501 803 013 180 641 088 686 375 164 454 348 063 874 574 374 437 013 670 833 180
018 088 576 861 576 804
588 821 158 501 240 576 861 576 804 240 670 821 142 634 574 110 833 180 454 454 574
634 574 110 833 180 240 588 043 454 454 574 501 804 374 454 858 374 641 068 180 454 634 574
686 043 454 142 588 043 454 641 055 180 013 180 641 588 043 454 454 574 501 804 374 454 858 374
588 068 454 574 821 454 670 821 641
686 164 670 013 686 821 142 810 821 753 043 753 576 474
501 821 142
176 321 454 142 821 180 501 803
176 321 454 821 374 821 454
634 574 180 068 240 576 055 454 501 013 454
176 720 454 821 374 501 013 454
670 013 180 634 574 375 164 686 821 454 055 454
588 043 454 821 454
176 321 454 821 374 821 454
176 321 454 142 501 013 454
176 321 454 821 374 821 454
670 321 753 018 885 821 374 821 454 240 641 878 588 804
176 321 454 142 240 641 878 588 804 142 861 013 686 821 142
176 321 454 641 321 374 501 821 142 641 878 588 804 142 861
176 321 454 043 686 142 641 321 374 018 804 142 861
018 885 374 365 576 756 321 874 703 552 018 821 374 018 803
068 670 861
110 833 180 454 454 574 576 810 321 874 821 454
686 164 670
670 110 013 670
821 374 821 454 588 164 641 454 574 804 454 878 686 810 088 454
588 821 158 501 240 641 878 588 804 142 240 753
576 810 321 874 018 821 753
634 013 018 804 686 686 088 670 501 013 454
263 634 574 180 833 454 588 068 821 201 454 574 454 878 670 013 454 878 686
088 171 821 201 670 874 804 142 043 641 110 321 180 110 813 641
670 321 753 018 885
088 686 454 043 686 634 574 176 321 454
686 043 454 142 686 164 670 013 454 501 821 142 576 164 670
686 164 670 013 454 501 240 576 164 670
501 803 374 240 576 321 180 804 821 180 501 821 142 576 164 670
180 321 171 821 201 634 574 670 013 180 810 804 686 804 454 878 670 240 576 055 454 501 068
454 321 710 501 821 142 686 164 670
142 804 018 055 821 454 821 374
142 878 703 454
176 803 374 501 240 576 858
375 804 670 240 576 574
634 574 641 574 821 454
634 013
375 804 670 240 576 574 576 858
176 803 821 374 018 804
176 803 821 374 018 804
375 804 670 240 576 574
176 321 454 043 686 142 634 574 142 804
686 164 670
240 576 858 013 180 641 240 588 813 686
088 576 043 454 634 574 670 013 180 142 753 043 686 501 821 142 142 753 043 686
110 164 641 634 574 686 164 670
686 164 670
501 803 374 501 240 576 861 576 804
641 068 180 454 142 753 043 686 501 240 576 861 576 804
686 164 670 013 454 501 240 576 861 576 804
686 164 670 013 454
501 803 374 013 686 821 142
686 043 454 142 142 804
703 804 686 501 821 142
180 055
176 321 454 142 501 013 454
501 013 454 576 861 576 804
501 803 374 501 240 576 321 180 804 142 686 804 375 821 201
180 088 454 180 088 454
641 013 641 804
240 670 821 454 804
641 574 634 574 171 821 201 670 821 454 142 240 670 821 454 804
634 574 670 013 180 171 821 201 670 821 454 142 240 670 821 454 804
821 374 501 013 454 240 670 821 454 804
018 885 670 821 454 804 670 821 454 804 142 686 804 375 821 201 670 821 454 804
686 164 670 634 574 670 013 180 142 454 821 670 634 063 703 821 201 588 474 821 180 501 803
142 454 821 670 634 063 703 821 201 588 474 821 180 501 013 454 018 068 686 810 088 454
588 164 641 588 813 686
180 055 686 043 454 142 142 804 176 321 454 142 501 240 576 861 576 804 142 861 821 201
576 088 576 088 013 686 821 142
576 088 576 088
576 088 576 088
013 686 821 142
641 878 588 804 588 833 454 240 670 160 142 703 810 240 753 634 574
176 321 454 641 321 374 501 240 641 878 588 804 142 861 013 686 821 142
670 321 753 018 885
018 088 013 686 821 142 018 088
634 574 810 804 686 804 018 861 454 501 821 146 171 821 201 641 068 180 454 634 574
176 321 454 821 374 501 821 142
110 833 180 240
454 321 710 821 454
110 833 180 240 375 164 686 018 821 374 454 321 201
110 833 180 240 670 321 753 055 454
686 164 670
634 574 670 013 180 670 686 068 374 501 240 641 552 833 180 018 821 374 018 043 641
874 804 810 804 686 804 018 861 454 142 821 454
068 670 861 878 686 810 088 454
821 454 142 878 686 810 088 454
463 375 164 454 821 454 240 110 861
821 454 142 878 686 588 878 180
821 454 142 878 686 588 878 180
501 013 454 142 821 180 670 810 043 641 240 576 558
088 641 068 180 454 180 068 176 088 874 804 018 861 454 142 821 454 142 068 753 321 710
686 043 454 142 375 164 454 501 240 641 878 588 804 821 180
588 164 641 576 088
375 804 670 240 576 574
176 321 454 142 821 180 501 803
501 803 374 240 375 833 670 821 454
641 013 641 804
552 641 878 588 804
588 833 454 634 224 703 821 201 588 474 374
454 821 670 558 753 804
454 821 670 558 753 804
454 821 670 558 454 821 670 558 454 821 670 558
176 321 454 142 501 013 454
501 804 374 263 641 013 641 804 374
013 686 821 332 753 833 753 804 180 833 670 454 501 043 753 641 055 180
588 240 180 240 641 574
501 803
634 574 686 088 670 501 240 576 686 833 670 142
180 068 176 321 454
176 803 374 263 142 821 142 454 474 013 686 821 142
176 803 641 821 641 142 821 142 804 588 068
821 374 874 804 588 068 821 201
588 068 821 201 576 088 576 088
634 574 375 821 670 176 821 710 454 858 634 574 686 088 670
068 670 861
088 180 068 634 574 686 088 670 501 240 454 043 686 240 703 068 180
013 180 641 088 171 821 201 670 634 574 686 088 670 501 240 576 686 833 670 142
501 240 641 878 588 804
088 588 833 454 240 180 088 641 804 240
634 063 821 180 454 574 641 821 142 454 810 321 670 874 413 263 180 454 634 574 013 686 821 142
018 885
176 321 454 641 574 634 574 110 833 180 454 454 574 641 574 110 821 171 501 013 454
180 833 670 821 454 641 055 180
088 180 574 821 454
176 321 454 821 374 501 013 454
670 013 180 634 574 142 861 576 686 833 670
501 013 454 142 240 576 686 833 670
580 588 833 454 576 686 833 670 142 013 454 018 068 753
068 670 861
634 063 142 068 180 321 454 142
176 321 454 641 574 634 574 110 833 180 454
176 803 374 501 240 641 878 588 804
641 055 180 018 885
878 686 588 878 180
176 321 454 641 574 634 574 110 833 180 454
454 043 686 753 804
634 063 588 240 180 240 703 878 686
142 821 454 641 055 180
142 821 454 641 055 180
501 013 454 142
634 013 501 013 454 142 240 588 164 641 588 813 686
176 321 454 641 574 634 574 110 833 180 454
176 321 454 641 574 634 574 110 833 180 454
454 043 686 407 833 407 804 176 321 454 634 574 110 833 180 454
013 686 821 142 176 321 454 641 574 634 574 110 833 180 454
176 321 454 142 501 013 454
641 068 180 454 454 885
068 670 861 176 321 454 641 574 634 574 110 833 180 454
142 821 454 641 055 180
142 821 454 641 055 180
110 043 686 634 574 874 068 753 804 176 321 454 641 574 634 574 110 833 180 454
176 321 454 641 574 634 574 110 833 180 454
634 574 670 013 180 142 454 013 180 641 501 803
176 321 454 641 574 634 574 110 833 180 454
176 321 454 641 574 634 574 110 833 180 454
180 231 110 861
641 574 634 574 110 833 180 454 501 821 142
176 321 454 821 374 501 013 454
110 861 454 240 753 821 180 821 454
088 142 878 142 321 753 171 821 201 634 574 180 068
501 013 454 142 240 454 813 454 558
686 043 454 142 142 804 821 703 110 804 670 013 180 703 088 180 641 240 641 321 670
501 803 374 240 703 821 874 804
142 821 454 641 055 180
142 821 454
501 803 374
240 576 813 641
686 164 670 013 454 501 013 454 576 813 641
686 164 670 013 454 501 821 142
176 321 454 142 501 013 454 013 686 821 142
821 454 142 240 375 821 588 804
821 454 142 240 375 821 588 804
634 574 180 068 176 321 454 375 821 588 804 142 043 374
641 068 180 454 018 821 454 821 454
703 474 588 043 454 821 454
088 142 804 240 576 321 180 804
088 142 804 240 576 321 180 804 833 180 018 885
576 321 180 804
576 321 180 804 552 576 686 833 670 804 501 474 110 321 180
176 321 454 142 501 013 454
176 321 454 821 374 821 454
686 164 670 013 454 821 454
821 374 821 454 240 670 821 454 804
821 374 821 454 240 670 821 454 804
176 321 454 821 374 240 670 821 454 804
068 670 861
180 068
142 821 454 641 055 180 013 180 641 634 574
110 804 686 375 686 861 240 588 861 753 110 821 171 501 804 374 068 670 861
088 686 375 164 454 142 321 753 171 821 201 576 821 018 088 180 641
142 821 454 641 055 180
641 055 180
110 861 454 018 055 641 821 641 634 574 588 043 454 142 068 670 810 861 374 804
142 821 454 641 055 180
013 686 821 142 686 164 670
142 821 454 641 055 180
375 804 670 240 576 574
013 686 821 142 176 803 374 501 240 641 878 588 804
375 804 670 240 576 574
501 861 703 043 686 641 055 180 576 821 670 321 374 634 574 180 833 670 454 501 043 753 641 055 180
142 821 454 416 055 180
142 821 454
142 821 454
878 686 588 878 180
878 686 588 878 180
176 321 454 641 574 634 574 110 833 180 454
013 686 821 142 686 164 670 641 055 180 501 803
454 043 686 753 804 176 321 454 634 574 110 833 180 454
634 063 588 240 180 240 703 313 088
110 043 686 670 686 088 753 321 375
018 885 088 686 753 574 158 501 804 374 068 158 474
670 686 088 753 321 375
501 013 454 142 588 164 641
501 013 454 142 588 164 641
501 803 874 804 821 374
833 180 753 833 753 804 374
686 013 375
180 068 634 063 180 833 454 686 804 158 821 201
634 574 158 588 833 454 454 574 142 454 861 670 686 068 374
176 088 641 068 180 454 110 804 670 878 686 641 013 641 804
686 043 454 142 670 878 686 018 821 753 810 088 454 180 055
176 321 454
068 670 861
018 043 686 068 686 043 454 142 454 878 670 454 574 641 013 641 804
634 043 142 013 686 821 142 821 374 018 885
454 043 686 641 013 641 804 176 321 454 634 063 641 574 821 201
110 861 454 240 142 043 670 413 641
088 686 375 164 454 043 158 810 804 171 821 201 833 180 018 885 142 068 634 574 110 068 180 454 018 013 158 454 574 588 043 454 641 055 180 703 552 043 180 804 171 821 201
176 321 454
018 885
634 574 110 833 180 454 501 240 641 878 588 018 055 142
686 164 670
176 321 454 142 821 180 501 803
110 043 686 088 641 068 180 454 180 068
634 574 686 164 670
641 068 180 454 171 810 068 821 454 641 055 180
686 164 670 013 686 821 142
686 164 670
375 810 821 454 042 180 641
176 321 454 142 821 180 501 803
088 641 068 180 078 180 068
634 574 703 461 180 641 055 454
821 454 142 142 068 588 164 641 454 574 804 454
804 454 821 454 013 180 641 588 068
068 670 861 176 321 454 043 686 142 821 374 821 180 501 803
874 574 374
634 013 874 574 374
670 013 180 634 574 142 861 874 574 374
176 321 831 142 501 013 831
176 321 454 142 501 013 454
013 686 821 142 176 321 454 142 501 013 454
634 063 588 240 180 240 703 878 686 833 180 634 063 018 043 641
576 861 576 804
576 861 576 804
176 321 454 142 821 180 018 885
176 321 454 176 321 454 176 321 454
013 686 821 142 874 574
501 803 374 142 321 753 171 821 201 043 686 142 501 068
088 641 068 180 454 180 068 821 703 634 574 142 878 821 454
670 321 753 018 885
176 321 454 821 374 501 013 454
634 063 142 068 670 810 861 374 804
588 043 454 576 013 670 821 180 018 885
176 321 454 821 374 501 013 454
821 374 501 821 142 240 576 878 686
634 574 110 833 180 454 753 804 454 574 686 804 158 634 574 240 686 068 180
013 753 088 576 804 821 201 753 804 180 454 574 634 574
588 043 454 501 240 641 878 588 804
634 574 588 043 454 501 240 641 878 588 804
013 686 821 142
686 855 670 013 454 501 013 454
670 321 753 018 885
501 013 454 337 176 088 110 804 018 013 641 634 574 810 821 337 454 810 861 180 641
088 180 574 501 803 110 321 374 240 810 804 374 413
670 321 753 018 885
176 321 454 142 501 013 454
176 321 454 142 501 013 454 240 641 878 588 804
176 321 454 142 501 013 454
686 164 670
176 321 454 821 374 821 454
176 321 454 142 501 013 454
686 164 670
176 321 454 821 374 821 454
176 321 454 821 374 501 013 454
176 321 454 142 501 013 454
821 374 501 013 454 240 641 321 670
634 013
176 321 454 142 501 013 454
088 753 588 240 180 240 142 861
176 321 454 142 501 013 454
641 878 588 804
176 321 454 641 321 374 501 013 454 641 878 588 804 142 861
703 474 588 043 454 821 454
176 321 454 142 501 013 454
576 240 686 574 180
576 240 686 574 180
576 240 686 574 180
142 753 043 686 501 013 454
180 321 171 821 201
375 804 670 240 576 574
686 164 670
176 803 374 501 240 576 858
641 068 180 454 375 164 686 821 454 878 703
375 804 670 240 576 574
634 574 686 088 670 501 013 454
068 670 861
018 574 374 501 013 454
110 833 180 240 686 164 670 013 454 501 240 576 164 670 576 861 576 804
634 574 874 068 753 804 501 240 576 164 670 176 321 454 641 574 634 574 142 804
240 576 321 588 634 043 142
088 142 804 240 576 321 588
176 321 454 043 686 142 641 574 634 574 142 804
240 576 686 833 670 634 013 240 576 321 588 821 374 833 180 240 576 686 833 670
576 686 833 670
176 321 454 821 374 501 013 454
821 454 821 374 240 670 821 454 804
013 180 641 176 321 454 142 501 013 454
670 110 013 670
180 068 501 013 454 142 180 833 454 240 670 821 454 804
670 110 013 670 670 110 013 670 176 321 454 821 374 821 454
821 360 142 240 641 321 670
821 454 142 240 641 321 670
686 043 454 142 686 164 670 013 454 142 240 753 753 552 240 158 501 821 142 576 164 670
088 171 821 201 670 821 454 142 240 375 810 821 454 804 110 321 180
176 321 454 142 501 821 142
641 878 588 804
641 574 501 861
176 321 454 641 574 501 861 018 013 158 821 180 501 803 753 055 501 374
142 804 501 013 454 810 088 454 501 803
176 487 454 821 374 501 013 454 821 180 501 803 753 055 171
240 576 858
176 321 454 142 821 180 018 821 374 018 013 180 641
821 454 142 180 833 454 634 063 374
821 374 821 454 634 063 374
634 574 110 833 180 454 454 574 753 861 670 821 454
110 833 180 240 454 861 670 821 454
821 454 142 240 018 013 454
703 552 018 821 374 018 803
445 454 142 240 018 013 454
874 574 374
874 574 374
874 574 374 686 088 670 013 686 821 142 018 013 374
874 574 374
088 110 833 180 454 501 821 142
018 885 374 018 821 374 874 574 374 013 180 641 501 043 180 018 821 374
176 321 454
142 833 670 142
142 833 670
013 180 641 686 164 670 013 454 176 321 454 501 240 670 821 454 804 374 375 686 861 821 201 110 821 171
821 374 501 013 454 634 063 670 821 454 804
753 833 753 804
753 833 753 804 374 018 885
634 574 686 088 670 753 833 753 804 374 375 810 821 454 804 634 013
176 321 454 142 501 013 454
576 321 454 474 703 686 088
576 321 588
576 321 588
013 180 641 176 321 454 142 501 013 454
703 552 028 574 142
176 321 454 142 501 821 142
634 574 180 068 501 013 454 110 813 641
176 321 454 821 374 501 013 454
142 821 454
821 180 176 321 454
821 180 240 710 803
634 574 142 043 641 710 803 576 821 703 552
710 803
710 803
158 803 804 588 164 641
710 803
576 240 686 574 180
686 833 454 142 240 158 576 240 686 574 180 374
013 180 641 176 321 454 142 501 821 142 810 416 454 018 885
670 321 753 018 885
176 321 454 641 321 374 501 821 142 142 861
821 454 142 240 710 821 702
068 670 861 821 647 142 240 710 821 670
703 686 055 474 374
634 574 110 833 180 454 454 574 142 753 043 686 501 043 753
641 574 501 861 142 753 043 686
263 501 068 374 703 552 753 833 753 804
088 142 804 641 263 686 821 201
641 821 641 634 574 670 055 180 454 878 686 240 145 501 043 753
501 013 454 142 240 670 821 454 804
110 833 180 240 686 164 670 013 454 240 180 321 501 474 534 164 670
501 821 142 821 374 240 454 321 710 821 201 576 164 670
240 576 858
821 454 142 240 576 321 180 804
576 321 180 804
703 804 686 576 321 516 804
686 164 670
501 803 374 013 686 821 142
375 804 670 240 576 574
176 321 454 142 821 180 501 240 018 055 142
634 574 753 804 180 576 878 686
576 878 686
018 804 641 821 641 018 013 158 240 576 878 686 576 240 454 821 454 110 321 374 833 180 018 821 374 576 013 670
013 180 641 501 803 374 240 576 858 110 821 171 018 821 374
110 833 180 027 142 321 753 171 821 201 043 686 142
088 110 833 180 454 454 574 588 821 158 634 574 240 670 821 142 013 686 821 142
176 321 454 240 576 055 454 501 821 142
634 574 110 833 180 454 454 574 142 804 501 013 454
634 574 110 833 180 454 018 821 753 454 574 576 088 454
501 013 454 142 176 803 501 013 454 110 813 641 670 861 753 703 810 240 753
821 703 375 321 375 804 576 088 454 142 375 321 375 804 588 043 454 142 142 375 013 201 670 454
088 180 068 176 321 454 110 804 670 013 180 641 574
180 068
068 670 861
110 833 180 454
634 574 670 013 180 068 375 881 821 454 821 703 634 574 110 833 180 454
634 574 110 833 180 454 753 804 454 574 454 861 670 753 088 018 013 180 641 055 454
088 686 454 861 670 753 088 018 013 180 641 055 454
634 574 670 013 180 068 375 413 013 180 641 670 686 068 374 821 454 821 703 634 574 110 821 874
821 454 670 013 180 454 753 574 158
753 833 753 804 641 321 374 413 454 018 013 158 018 813 018 013 180 641 821 180 501 803
375 068 670
821 454 110 068 180 454 576 088 454 634 574
753 833 753 804 641 321 374 413 454 018 013 414 018 813 018 013 180 641 821 180 821 454
634 574 670 013 180 142 375 013 201 670 821 454 821 703 821 454 576 088 454 142 634 574
110 833 180 240 670 686 068 374 821 454
068 670 861
110 321 374 634 063 703 821 201 588 474 821 180 501 803
068 670 861
821 454 142 180 088 142 821 374 413 454 821 454
634 574 670 686 068 374 641 821 454 142 454 321 201 821 180 501 240 641 552
176 803 374 634 063 454 513 201
686 043 454 753 804 142 804
501 013 454 142 810 088 454
686 164 670
634 013
176 803 374 821 454 142 180 068 374
027 344 374 821 454 142 454 321 201
634 574 670 013 180 670 686 068 374 821 454
670 686 068 374 821 454 641 055 180
110 043 686 110 804 018 013 158
068 375 413 821 454 240 686 821 454 558 576 821 454
176 321 454
088 142 804 634 574
820 861 454 686 043 454 142 742 068 180 454 670 686 068 374 501 240 454 321 201 670 022 375 686 804 454 686 804 055 454
670 088 180 641 240 158 686 574 142
641 574 634 574 110 833 180 240 375 164 454 634 063 018 013 180 641 821 180 501 803
686 164 670 013 454 501 013 454 013 686 821 142
686 164 670 013 454 176 321 454 634 574 670 013 180 641 574
634 013
686 164 670 821 180 501 803
013 180 641 142 804 634 574 753 861 670 018 821 753 753 574 158 176 043 180 634 574 641 574 501 013 454
821 374 413 454 501 013 454 821 180 454 810 240 142 454 821 201
634 574 110 833 180 454 018 821 753 454 574 576 088 454
670 013 180 634 574 753 861 670 018 821 753 668 088 454
018 885
753 861 670 018 821 753 576 088 454 753 833 753 804
634 574 142 454 821 670 634 063 018 013 180 641 821 180 501 803
634 574 171 821 201 670 018 804 686 576 088 454 753 833 753 804
576 088 454
576 088 454
110 861 454
641 068 180 454 375 164 686 821 454
686 043 454 142 375 164 686 821 454 641 055 180 686 088 670 501 013 454
068 670 861
180 068
576 088 454
018 821 374 375 063 454 321 201
686 043 454 142 142 454 321 703 018 821 374 454 321 201 821 180 501 803
068 670 861
501 803
588 164 641 588 813 686
634 063 158 803 804 670 803 703 558
110 043 686 501 821 142 670 088 180 641 240 158 576 088 454 142 454 574 641 321 374 413 454 821 454
142 804 501 821 142 576 088 454 142 641 055 180
710 878 753 375
180 321 171 821 201 055 454 501 803 374
821 180 454 810 240 142 454 821 201
686 164 670
018 043 686 068 013 686 821 142
753 088 180 861 753 821 374
176 321 454 821 374 018 821 374 180 861 753
641 013 375 474 641 013 180
641 013 375 474
375 164 454 634 063 142 240 142 375 043 180 641 474 833 180
576 321 454 413
576 321 454 413
576 321 454 413
180 055
110 804 686 028 321 142 454 375 164 454 018 821 753 068 158 474 501 803 703 552 240 753 821 180 821 454 068 670 861
753 861 576 804 641 013 375 474 641 013 180 110 833 180 454 142 454 574 588 068 821 180 501 803 176 321 454 641 574 634 574 171 821 201 670
874 164 641 088 375 164 454 641 013 375 474 641 013 180 821 180 501 803 110 821 171 501 240 686 088 413
821 180 110 821 171 501 240 641 810 013 588 413
686 043 454 142 142 804 821 703 501 861 110 833 180 454 454 574 375 686 861
018 088 641 013 375 474 641 013 180
018 043 686 068 641 810 013 588 413
634 574 110 833 180 240 670 821 142
686 164 670 753 088 454 804 171
686 164 670 753 088 454 321 201 088 588 821 158 634 574 240 670 821 142
068 670 861
068 670 861
088 110 068 180 454 753 861 670 018 821 753 670 321 753 055 454 171 810 574 501 240 576 263 374
088 753 142 552 804
018 043 686 068 088 753 703 810 043 180 641 686 804
088 753 180 088 142
176 803 374 753 088 454 321 201
176 803 374 753 088 013 375 558
018 804 374 240 753 055 142
018 804 374 804 454 821 201 375 263 454 240 158 501 240
110 861 454 240 753 821 180 821 454
142 821 454 641 055 180
375 821 670 142 321 753 171 821 201
176 321 454 641 574 634 574 110 833 180 454
576 686 833 670 142 013 180 641 576 164 670 142
110 833 180 454 501 240 321 501 474 576 686 833 670 142
686 164 670
176 321 062 142 501 013 062
176 321 454 142 501 013 454 142 861
686 088 670
028 321 142 454 686 088 670 634 063 810 043 641 874 574 374
501 240 454 043 686 240 703 068 180
821 454 142 641 013 641 804
454 043 686 018 821 753 176 321 454 634 574 641 574 821 201
634 574 180 804 641 142 240 753 142 375 861 142 501 803
068 670 861
180 055 634 574 158 588 833 454 240 588 164 641 142 375 861 142
018 043 686 068
018 574 374 501 821 142
018 088 263 634 574 641 013 641 013 552 263 634 574 454 878 670 821 201 454 574 641 013 641 013
180 068
821 374 821 758 753 833 753 804
068 670 861
088 686 454 878 670 833 180 753 088 454 043 686 240 703 068 180
018 043 686 068 013 686 821 142
641 574 634 574 110 833 180 454 454 574 588 068 142 110 821 753 821 201 176 043 180 110 804 588 043 454 018 068 753
180 068
634 574 641 574 454 574
576 088
142 804 018 574 374 833 180 501 240 454 043 686 240 703 068 180
018 043 686 068
176 321 301 240 576 055 301 641 310 641 310
641 013 641 013 110 833 180 454 142 454 574 375 686 861 110 821 171 501 240 576 686 833 670 142
344 013 344 013 576 088
641 013 641 013 821 374 576 088 634 043 142
018 804 374 013 454 530 813 670
641 013 641 013 821 374 576 088 576 088
576 088 641 013 641 013 703 263 240 110 861
588 240 180 240 804 454 501 240 703 068 180
013 686 821 142
686 164 670 176 321 454 088 142 878
013 375 558
634 013
088 670 240 641 413 454 576 821 686 804 158 821 454 501 821 142 821 374 240 180 574 576 164 670 821 374 413 454 821 454
634 574 180 068 501 013 454 110 321 180
710 803 634 013
018 088
142 068 375 810 821 454 804 013 180 641 142 878 703 454
634 013 018 885 263 501 240 703 686 055 474 374
670 804
634 013
013 180 641 501 803
501 803 374 552 821 180 028
552 821 180 028 013 180 641 501 803 263 634 063 874 574 374
018 088
576 164 670
634 574 110 833 180 240 142 804 240 180 574 576 164 670
088 171 821 201 670 088 180 068 501 013 454 501 821 142 110 321 180 374
180 574
110 833 180 240 686 164 670 013 454 501 821 142 576 164 670
068 670 861
176 321 454 641 574 634 574 142 804
018 861 088 142 804 240 454 043 686 240 703 068 488 088 171 821 201 670
634 013
142 861 753
686 164 670 176 321 454 501 013 454 576 858 018 013 374
176 321 454 142 501 013 454 810 088 454 501 803
641 068 180 454 670 686 833 576 474 501 240 576 858
018 088
018 088
501 013 454 142 176 321 454 686 552 413 142 043 374 833 180 501 240
018 088
018 574 374 501 013 454
821 374 018 804 142 110 804 454
670 821 142 821 374 833 180 634 063 703 861 142
641 574 634 574 142 804 142 321 753 171 821 201 634 574 110 833 180 721
176 321 454
176 321 454 641 574 634 574 110 833 180 454
501 821 142
501 240 576 858
501 013 454
576 088
804 454 821 201
088 670 240 641 588 068 703 552 501 013 454
176 321 454
501 240 576 686 833 670
641 821 641 501 240 576 686 833 670 588 068
634 013
501 803 374 501 240 576 686 833 670
753 833 753 804 110 821 686 588 043 454 821 454 703 552 634 574
686 043 454 142 142 804 176 321 454 043 686 142 110 804 018 013 158 821 180 501 821 142 576 164 670
088 142 804 454 574 171 821 201 374 634 574 180 068 821 180 501 821 142
670 821 454 804 013 180 641 176 321 454 240 576 055 454 501 821 142
176 321 454 142 501 013 454
240 670 821 454 476
641 574 634 574 180 068 176 321 454 501 821 142 821 374
821 454 142 180 833 454 176 321 454 088 171 878 454 821 454 110 321 374
088 171 878 454 821 454 110 321 374 088 142 670 810 804 753
454 043 686 176 321 454 088 158 588 833 454 833 180 501 240 576 810 861 180
501 013 454 821 374 240 670 821 454 804 374 703 861 142
641 574 634 574 180 068 176 321 454 501 821 142 821 374
501 013 454 686 164 670 142 028 321 142 454 686 088 670 028 821 180 028 474 374 703 861 142 641 321 374 413 454 821 454
173 321 454 641 574 634 574 171 821 201 670 501 013 454 013 180 240 753 558 686 164 670 142
028 804 028 804 634 013
028 804 028 804 374 753 055 171
176 321 454 142 501 013 454
641 574 634 574 180 068 176 321 454 501 013 454 821 374
670 013 180 634 574 686 164 670 013 454 501 013 454 013 180 641 454 043 686 176 321 454 501 013 454 821 374
176 321 454 821 374 501 013 454 810 088 454 501 803
240 180 068 374
821 454 821 374 240 670 055 374 180 068 374
810 088 454 501 803 821 374 240 670 055 374 180 068 374
588 164 641 588 813 686
088 641 068 180 454 171 821 201 670 634 574 180 068 043 180 804 240 158 501 068 374 171 821 201 374
