634574 110833180454 454574 142804 501240 576164670
686164670 501803374 240 440858 110821171 018821374 018013454
013180641 240 641878588804
634574 110833180454 454574 686164670 013454 501821142
686164670 013454 501821142
018013158 240 641810821201670
068670861 180055
176321454142 501821142
176321454142 501013454
176321454 821374 821454
686164670 670013180 634574 454861670 821454 055454
454861670 821454 055454
634574 110833180454 821454 821180
375164454 501013454 833180
501013454
634043142
068670861
068375413 821454 321375
454861670 501240 641878588804 055454
088 171821201670 821454 110821686 670321753 055454
686043454142 142804
634013
375164686 821454 055454
176321454142 821454
686164670
686164670
176321454142 501013454
588043454 821454
588043454 821454
588043454 821454
821374 357013454 703552 357240 641878588804
670013180 634574 703804641 821454 454574 501240 641878588804
703804641 821454
375164454 821454 821180 068670861
068670861
176321454 263 634574 588240180240 641574
088686 686043454 018813 375686861 110821171 501821142 703552 240 176088686
176321454
176321454
176321454142 501821142
240 142753088686 821454 018013374 240 142753088686
588821158 018821753 240 670821142 068670861 670321753 833180
634013
176321454 821374 821454 240 576878686
686164670 013454 501240 576164670
686164670
176321454142 501821142
176321454142 501821142
176321454142 501013454
176321454142 501013454
501013454
176321454 240 180088142 641878588804
634013 634013
501821142 240 576321454474703686088
176321454142 501013454
176321454142 501013454
703552 753821686670
703552 753821686670
634574 641068180454 180068 176321454 501804374 171821201374 263
176321454142 501013454
240 576240686574180
670013180 634574 142861 576240686574180
176321454 641574 634574 142861
176321454142 501013454
176321454 821374 821454
670013180 634574 142861 670821454804
501013454142 240 670821454804
110833180240 686164670 013454 240180321501474 576164670
501821142 821374 240 454321710821201 576164670
240 576858
821454142 240 576321180804
576321180804
703804686 576321180804
686164670
501803374 013686821142
375804670240576574
176321454142 821180 501240 018055142
501013454
670013180 634574 703804641 821454 454574 501240 641878588804
641878588804374 018321201588810804
703804641 821454 454574 501240 641878150804
088686 068375413 501240 641552
501803 634574 588068
501803
576810321874 634063 018803
576810321874 634063 018304
142376454 641055180
176088 641068180454 110804 454810088 501821142
641321374 501821142 810821201
142861 018043686068
018043686068
501013454142 810088454
018574374 833180 501240 454043686240703068180 013686821142
018088
634013 018088
018088 641013641013
142861 018088 641013641013
018043686068
018043686068 641013641013
821374 821454 641013641804 833180 501240 703068180
375810043142 501240 576321454413
501803 634574 588068
142861
018043686068 641013641013
018043686068 641013641013
686043454 501240 576858 454878670 833180 501240 703068180
018043686068 013686821142
018043686068
013686821142 018055 263 634574
013686821142 018055 263 634574
180833454 588240180240 641574 821454
176321454142 821180 501803
176321454142 821180 501803
176321454
686164670
176321454 821374 821454
670013180 634574 174043454 821454
670013180 634574 588043454 018821753
670013180 634574 588043454 018821753
018043686068 013686821142 018043686068
670013180 634574 588043454 018821753
375164686 501821142 321375
088753 142552804 088753 142552804 576861576804
088753 142628804 088 641821641413454 171821201670 501013454 110164641 142670803 634574
088 641821641413454 171821201670 821454 110164641
018043686068
088753 142552804 088 142670803641 634574 088753 810804686804 180088142
634574 110833180240 454321710 753804
454321710 753804
088753 686068180142022
068670861
088753 142552804 013686821142
088753 142552804
088686 375164454 821454 240110861
588164641 576088
821454142 240110861 821454142 240110861
176321454 670013180 634574 641574 110821171 107821142
176321454142 501821142
576686833670
576686833670
821454142 240110861
821454142 240110861
686164670 821454142 068158474 018885
821454142 068158474 018885
018043686068
821454142 240110861
686164670
176321454 240576055454 501240 576686833670142
176321454 240343055454 501240 343686833670142
375804670240576574
634574 670013180454 588043454 753804 670013180 634574
375804670240576574
634574
028321142454 588240180240 804454 501240 670068753 013180641 501013454142 878686
018885
176321454142 501013454
240 641878588804
068375413
501803 263 142068 753043180804 454858374
753833753240 454574 753043180804 454858374
068670861
110321374 501013454 588164641
641574 501804374 142670110804670
180068
501803
576821686641 501043753 321375
068670861
176321454
454861670 501043753 641055180
176321454
634013
176803374 641013641804
641013641804 180833454 018885
641013641804374 180833454 018885
375810821454804 375810821454804
018885
176321454
641013641804
176803 641821641 821454 588644
634574 110833180454 501013454 110321180
641013641804
088686 588068 588043454 634063 576686833670
501821142 821374 240 576686833670
142861
753833753804
576686833670
018885
068670861
180055 176321454
013686821142
810043641804
821374 501821142 240 576686833670
176321454
068670861
018821454 501240 576686833670142
588164641
110861454 240 142043670413641
686043454 753804 588043454 501821142
634063 240 753321201670804
068670861
180055 110861454
686014454 753804 588014454 501014753 180821686454 321375
013686821142
576686833670
576686833670
588043454 501240 576686833670
142861 753833753240
588043454 501240 576686833670
588068 110088686641 013686821142
068670861
068670861
176321454142 501013454 013686821142
176321454142 501013454 240 576686833670
501013454
501013454142 240 454043686240703068180
501013454142 501240 703068180
142861
018043686068
634574 110833180454 454574 142375804670 454574 013686821142
142861 018043686068
176321454142
634574 018013158 454574 454043686 753804
576686833670
634574 110238180454 501240 576686238670142
142861 576066833670
670013180 634574
576686833670
634013 501013454
641013641804 501821142 821374 240 641013641804
068670861
641013641804
068670861
068670861
142861 576686833670
142861 171013201670 634574 703552 240 576686833670
686043454 753804 874068 634574 142321753171821201
686164670
670013180 634574 576810321874 501240 641878588804374 018803
546164670 018055 142878703454
670013180 336574 641574 501013454
110833180454 454574
018885
821374 240 576810321874
576810321874 013686821142821374 018803
821374 501013454 176321454 240 641878588804 142043374
810821753043753576474 176043180 874804180240 142043374
176321454 240 185878703454 885
703804686
176321454142 501013454
018043686068
634043142 501013454142 810088454
501013454142 240 588164641 588813686
110321374 821454 641013641804
013187142474 501240 703068187
013180142474 501240 703068180
018088
018088
501013504142 176321504 686552413 142043374 833180 501240
018088
018574374 501013454
821374 018804 142110804454
670821142821374 833180 634063 703861142
641574 634574 142804 142321753171821201 634574 110833180454
176321454
176321454 641574 634574 110833180454
501821142
501240 576858
501013454
068670673
176321454 240 180088142 018321588 703552 501240 576861576804
703878686 641055180
641574 634574 110833180454 501821142
240 180088142 670821142
171821201670 634574 670240641 576810321874 501240 641833686804374 018803 454574
142686804375804
686164670 634574 670240641 576810321874 501240 641833686804374 018803 454574
552 634063 068180 018803
641574 634574 110833180454 454574 686164670 013454 501240 576164670 240588043180
634574 686164670 013454 821454
821454 142753043686374 588164641 454574
686164670 013686821142
686164670
375804670240576574
375804670240576574
375804670240576574
670013180 634574 641574 501013454
501803374 176321454 142753043686374 588164641
686164670 142753043686
142753043686 588164641
501013454142 240 110821670821781 686013703 634574 753321201670804
686164670 018885374 142321753171821201 454574 454321710
703804686 501013454
176321454142 501013454
501013454142 454574 142804 634063142043686703
686164670 501803 634574 263
501803374 501240 576861576804
588821158 013686821142 240 670821142
634013
068670861
263 634574 686821670821201 821454
634043142
634043142
641321374 501013454 703804686 588164641 454574 634063 454321201
018885
821454142 068670861
501013454 013686821142 821180 501240 375821670710474
588833454 634063 703821201588474374
454821670558 753804
454821670558 753804
454821670558 454821670558 454821670558
176321454142 501013454
501804374 263 641013641804374
013686821142 753833753804 180833670454 501043753 641055180
588240180240 641574
501803
634574 686088670 501240 104686833670142
142861 576686833670142
176321454142 501821142 013686821142
240 576686833670 240 576686833670
686164670 013454 501013454 641833686804
176321454 641574 634574 171821201670 240158 501013454 641833686804
013686821142 670321753 018885
240 576043454474 110321180
110321180 501013454 110821686 703686013375
821180 501240 576810804374
670321753 018885 088 110833180454 634574 454574 142821454 321375 018885 703552 028321142454 240
753821180821454
088 110833180454 454574 874068 634574 142321753171821201
686164670
641574 634574 810821753043753576474 501821142
018885374 240 375321375821454
018043686068 013686821142
018055 263 634574
110833164240 375043454 753804
634574 641068180454 686088670 821454
068670861
670878686 641013641804 833180 501240 454043686240703068180
634574 641574 501013454
501013454142 810088454
180055 375821670 321375 501240 454043686240703068180 013180641 142861 018043686068
018043686068 641013641804
634013
588164641
176321454142 501013454
501013454142 240 686821454558 454858 641833686804
686164670 018804374 588833454 240 374821375474 013686821142
501803 110804 588068
670878686 641013641804
068670861 180055 686164670
501821142 821374 240 374821375474
501821142 374821375474374 240 686821454558 576821454 018263641
634574 110833180240 454810088 821454
634574 454810088 821454
634013
180055 110833710 501821142
670013180 634574 321180454088 501821142
686164670 013454
753833753804374 588240180240 454088 821454
013180641 634574 321180454088 821454
501013454142 810088454
588068 240018043641
375164686 501821142 110321180
180068
180833454 686088670 501013454
634574 686088670 501240 454043686240703068180
176321454142 501013454
176321454142 501013454
501013454
501803 634574 588068
088 576043454 634574 670240641 810013454558 501013454 454861576558 240576055454 043453804 110861 088 375164454 634574
634013 634574 588833454 821454 150821641885
686043454142 142821454 321375 018885
180068 821454 753321374413454
068670861 348574 142821454 501803 013180641 088686 375164454 348063 874574374 437013670 833180
018088 576861576804
588821158 501240 576861576804 240 670821142 634574 110833180454 454574
634574 110833180240 588043454 454574 501804374 454858374 641068180454 634574
686043454142 588043454 641055180 013180641 588043454 454574 501804374 454858374
588068 454574 821454 670821641
686164670 013686821142 810821753043753576474
501821142
176321454142 821180 501803
176321454 821374 821454
634574 180068 240576055454 501013454
176720454 821374 501013454
670013180 634574 375164686 821454 055454
588043454 821454
176321454 821374 821454
176321454142 501013454
176321454 821374 821454
670321753 018885 821374 821454 240 641878588804
176321454142 240 641878588804 142861 013686821142
176321454 641321374 501821142 641878588804 142861
176321454 043686142 641321374 018804 142861
018885374 365 576756321874 703552 018821374 018803
068670861
110833180454 454574 576810321874 821454
686164670
670110013670
821374 821454 588164641 454574 804454 878686 810088454
588821158 501240 641878588804 142240753
576810321874 018821753
634013 018804686 686088670 501013454
263 634574 180833454 588068821201 454574 454878670 013454 878686
088 171821201670 874804 142043641 110321180 110813641
670321753 018885
088686 454043686 634574 176321454
686043454142 686164670 013454 501821142 576164670
686164670 013454 501240 576164670
501803374 240 576321180804 821180 501821142 576164670
180321171821201 634574 670013180 810804686804 454878670 240576055454 501068
454321710 501821142 686164670
142804 018055 821454 821374
142878703454
176803374 501240 576858
375804670240576574
634574 641574 821454
634013
375804670240576574 576858
176803 821374 018804
176803 821374 018804
375804670240576574
176321454 043686142 634574 142804
686164670
240 576858 013180641 240 588813686
088 576043454 634574 670013180 142753043686 501821142 142753043686
110164641 634574 686164670
686164670
501803374 501240 576861576804
641068180454 142753043686 501240 576861576804
686164670 013454 501240 576861576804
686164670 013454
501803374 013686821142
686043454142 142804
703804686 501821142
180055
176321454142 501013454
501013454 576861576804
501803374 501240 576321180804 142686804375821201
180088454 180088454
641013641804
240 670821454804
641574 634574 171821201670 821454142 240 670821454804
634574 670013180 171821201670 821454142 240 670821454804
821374 501013454 240 670821454804
018885 670821454804 670821454804 142686804375821201 670821454804
686164670 634574 670013180 142454821670 634063 703821201588474 821180 501803
142454821670 634063 703821201588474 821180 501013454 018068686 810088454
588164641 588813686
180055 686043454142 142804 176321454142 501240 576861576804 142861821201
576088 576088 013686821142
576088 576088
576088 576088
013686821142
641878588804 588833454 240 670160142 703810240753 634574
176321454 641321374 501240 641878588804 142861 013686821142
670321753 018885
018088 013686821142 018088
634574 810804686804 018861454 501821146 171821201 641068180454 634574
176321454 821374 501821142
110833180240
454321710 821454
110833180240 375164686 018821374 454321201
110833180240 670321753 055454
686164670
634574 670013180 670686068374 501240 641552 833180 018821374 018043641
874804 810804686804 018861454142 821454
068670861 878686 810088454
821454142 878686 810088454
463 375164454 821454 240110861
821454142 878686 588878180
821454142 878686 588878180
501013454142 821180670810043641240576558
088 641068180454 180068 176088 874804 018861454142 821454 142068 753321710
686043454142 375164454 501240 641878588804 821180
588164641 576088
375804670240576574
176321454142 821180 501803
501803374 240 375833670821454
641013641804
552 641878588804
588833454 634224 703821201588474374
454821670558 753804
454821670558 753804
454821670558 454821670558 454821670558
176321454142 501013454
501804374 263 641013641804374
013686821332 753833753804 180833670454 501043753 641055180
588240180240 641574
501803
634574 686088670 501240 576686833670142
180068 176321454
176803374 263 142821142454474 013686821142
176803 641821641 142821142804 588068
821374 874804 588068821201
588068821201 576088 576088
634574 375821670 176821710 454858 634574 686088670
068670861
088 180068 634574 686088670 501240 454043686240703068180
013180641 088 171821201670 634574 686088670 501240 576686833670142
501240 641878588804
088 588833454 240180 088641804240
634063 821180454574 641821142454810321670874413 263180454 634574 013686821142
018885
176321454 641574 634574 110833180454 454574 641574 110821171 501013454
180833670 821454 641055180
088 180574 821454
176321454 821374 501013454
670013180 634574 142861 576686833670
501013454142 240 576686833670
580 588833454 576686833670142 013454 018068753
068670861
634063 142068 180321454142
176321454 641574 634574 110833180454
176803374 501240 641878588804
641055180 018885
878686 588878180
176321454 641574 634574 110833180454
454043686 753804
634063 588240180240 703878686
142821454 641055180
142821454 641055180
501013454142
634013 501013454142 240 588164641 588813686
176321454 641574 634574 110833180454
176321454 641574 634574 110833180454
454043686 407833407804 176321454 634574 110833180454
013686821142 176321454 641574 634574 110833180454
176321454142 501013454
641068180454 454885
068670861 176321454 641574 634574 110833180454
142821454 641055180
142821454 641055180
110043686 634574 874068 753804 176321454 641574 634574 110833180454
176321454 641574 634574 110833180454
634574 670013180 142454013180641 501803
176321454 641574 634574 110833180454
176321454 641574 634574 110833180454
180231 110861
641574 634574 110833180454 501821142
176321454 821374 501013454
110861454 240 753821180821454
088 142878 142321753171821201 634574 180068
501013454142 240 454813454558
686043454142 142804 821703 110804 670013180 703088180641 240 641321670
501803374 240 703821874804
142821454 641055180
142821454
501803374
240 576813641
686164670 013454 501013454 576813641
686164670 013454 501821142
176321454142 501013454 013686821142
821454142 240 375821588804
821454142 240 375821588804
634574 180068 176321454 375821588804 142043374
641068180454 018821454 821454
703474588043454 821454
088 142804 240 576321180804
088 142804 240 576321180804 833180 018885
576321180804
576321180804 552 576686833670 804501474 110321180
176321454142 501013454
176321454 821374 821454
686164670 013454 821454
821374 821454 240 670821454804
821374 821454 240 670821454804
176321454 821374 240 670821454804
068670861
180068
142821454 641055180 013180641 634574
110804686 375686861 240 588861753 110821171 501804374 068670861
088686 375164454 142321753171821201 576821018088180641
142821454 641055180
641055180
110861454 018055 641821641 634574 588043454 142068 670810861374804
142821454 641055180
013686821142 686164670
142821454 641055180
375804670240576574
013686821142 176803374 501240 641878588804
375804670240576574
501861 703043686 641055180 576821670321374 634574 180833670454 501043753 641055180
142821454 416055180
142821454
142821454
878686 588878180
878686 588878180
176321454 641574 634574 110833180454
013686821142 686164670 641055180 501803
454043686 753804 176321454 634574 110833180454
634063 588240180240 703313088
110043686 670686088753 321375
018885 088686 753574158 501804374 068158474
670686088753 321375
501013454142 588164641
501013454142 588164641
501803 874804 821374
833180 753833753804374
686013375
180068 634063 180833454 686804158821201
634574158 588833454 454574 142454861 670686068374
176088 641068180454 110804 670878686 641013641804
686043454142 670878686 018821753 810088454 180055
176321454
068670861
018043686068 686043454142 454878670 454574 641013641804
634043142 013686821142 821374 018885
454043686 641013641804 176321454 634063 641574821201
110861454 240 142043670413641
088686 375164454 043158810804171821201 833180 018885 142068 634574 110068180454 018013158 454574 588043454 641055180 703552 043180804171821201
176321454
018885
634574 110833180454 501240 641878588018055142
686164670
176321454142 821180 501803
110043686 088 641068180454 180068
634574 686164670
641068180454 171810068 821454 641055180
686164670 013686821142
686164670
375810821454042180641
176321454142 821180 501803
088 641068180078 180068
634574 703461180641 055454
821454142 142068 588164641 454574 804454
804454 821454 013180641 588068
068670861 176321454 043686142 821374 821180 501803
874574374
634013 874574374
670013180 634574 142861 874574374
176321831142 501013831
176321454142 501013454
013686821142 176321454142 501013454
634063 588240180240 703878686 833180 634063 018043641
576861576804
576861576804
176321454142 821180 018885
176321454 176321454 176321454
013686821142 874574
501803374 142321753171821201 043686142 501068
088 641068180454 180068 821703 634574 142878 821454
670321753 018885
176321454 821374 501013454
634063 142068 670810861374804
588043454 576013670 821180 018885
176321454 821374 501013454
821374 501821142 240 576878686
634574 110833180454 753804 454574 686804158 634574 240686068180
013753 088 576804821201 753804180 454574 634574
588043454 501240 641878588804
634574 588043454 501240 641878588804
013686821142
686855670 013454 501013454
670321753 018885
501013454337 176088 110804 018013641 634574 810821337454810861180641
088 180574 501803 110321374 240 810804374413
670321753 018885
176321454142 501013454
176321454142 501013454 240 641878588804
176321454142 501013454
686164670
176321454 821374 821454
176321454142 501013454
686164670
176321454 821374 821454
176321454 821374 501013454
176321454142 501013454
821374 501013454 240 641321670
634013
176321454142 501013454
088753 588240180240 142861
176321454142 501013454
641878588804
176321454 641321374 501013454 641878588804 142861
703474588043454 821454
176321454142 501013454
576240686574180
576240686574180
576240686574180
142753043686 501013454
180321171821201
375804670240576574
686164670
176803374 501240 576858
641068180454 375164686 821454 878703
375804670240576574
634574 686088670 501013454
068670861
018574374 501013454
110833180240 686164670 013454 501240 576164670 576861576804
634574 874068 753804 501240 576164670 176321454 641574 634574 142804
240 576321588 634043142
088 142804 240 576321588
176321454 043686142 641574 634574 142804
240 576686833670 634013 240 576321588 821374 833180 240 576686833670
576686833670
176321454 821374 501013454
821454 821374 240 670821454804
013180641 176321454142 501013454
670110013670
180068 501013454142 180833454 240 670821454804
670110013670 670110013670 176321454 821374 821454
821360142 240 641321670
821454142 240 641321670
686043454142 686164670 013454 142240753 753552 240158 501821142 576164670
088 171821201670 821454142 240 375810821454804 110321180
176321454142 501821142
641878588804
641574 501861
176321454 641574 501861 018013158 821180 501803 753055501374
142804 501013454 810088454 501803
176487454 821374 501013454 821180 501803 753055171
240 576858
176321454142 821180 018821374 018013180641
821454142 180833454 634063374
821374 821454 634063374
634574 110833180454 454574 753861670 821454
110833180240 454861670 821454
821454142 240 018013454
703552 018821374 018803
445454142 240 018013454
874574374
874574374
874574374 686088670 013686821142 018013374
874574374
088 110833180454 501821142
018885374 018821374 874574374 013180641 501043180 018821374
176321454
142833670142
142833670
013180641 686164670 013454 176321454 501240 670821454804374 375686861821201 110821171
821374 501013454 634063 670821454804
753833753804
753833753804374 018885
634574 686088670 753833753804374 375810821454804 634013
176321454142 501013454
576321454474703686088
576321588
576321588
013180641 176321454142 501013454
703552 028574142
176321454142 501821142
634574 180068 501013454 110813641
176321454 821374 501013454
142821454
821180 176321454
821180 240 710803
634574 142043641 710803 576821703552
710803
710803
158803804 588164641
710803
576240686574180
686833454142 240158 576240686574180374
013180641 176321454142 501821142 810416454 018885
670321753 018885
176321454 641321374 501821142 142861
821454142 240 710821702
068670861 821647142 240 710821670
703686055474374
634574 110833180454 454574 142753043686 501043753
641574 501861 142753043686
263 501068374 703552 753833753804
088 142804 641263686821201
641821641 634574 670055180454 878686 240145 501043753
501013454142 240 670821454804
110833180240 686164670 013454 240180321501474 534164670
501821142 821374 240 454321710821201 576164670
240 576858
821454142 240 576321180804
576321180804
703804686 576321516804
686164670
501803374 013686821142
375804670240576574
176321454142 821180 501240 018055142
634574 753804180 576878686
576878686
018804 641821641 018013158 240 576878686 576240454 821454 110321374 833180 018821374 576013670
013180641 501803374 240 576858 110821171 018821374
110833180027 142321753171821201 043686142
088 110833180454 454574 588821158 634574 240 670821142 013686821142
176321454 240576055454 501821142
634574 110833180454 454574 142804 501013454
634574 110833180454 018821753 454574 576088454
501013454142 176803 501013454 110813641 670861753 703810240753
821703 375321375804 576088454142 375321375804 588043454142 142375013201670454
088 180068 176321454 110804 670013180 641574
180068
068670861
110833180454
634574 670013180 068375881 821454 821703 634574 110833180454
634574 110833180454 753804 454574 454861670 753088 018013180641 055454
088686 454861670 753088 018013180641 055454
634574 670013180 068375413 013180641 670686068374 821454 821703 634574 110821874
821454 670013180454 753574158
753833753804 641321374413454 018013158 018813 018013180641 821180 501803
375068670
821454 110068180454 576088454 634574
753833753804 641321374413454 018013414 018813 018013180641 821180 821454
634574 670013180 142375013201670 821454 821703 821454 576088454142 634574
110833180240 670686068374 821454
068670861
110321374 634063 703821201588474 821180 501803
068670861
821454142 180088142 821374413454 821454
634574 670686068374641 821454142 454321201 821180 501240 641552
176803374 634063 454513201
686043454 753804 142804
501013454142 810088454
686164670
634013
176803374 821454142 180068374
027344374 821454142 454321201
634574 670013180 670686068374 821454
670686068374 821454 641055180
110043686 110804 018013158
068375413 821454 240 686821454558 576821454
176321454
088 142804 634574
820861454 686043454142 742068180454 670686068374 501240 454321201 670022375686804454686804 055454
670088180641 240158 686574142
641574 634574 110833180240 375164454 634063 018013180641 821180 501803
686164670 013454 501013454 013686821142
686164670 013454 176321454 634574 670013180 641574
634013
686164670 821180 501803
013180641 142804 634574 753861670 018821753 753574158 176043180 634574 641574 501013454
821374413454 501013454 821180454810240142454821201
634574 110833180454 018821753 454574 576088454
670013180 634574 753861670 018821753 668088454
018885
753861670 018821753 576088454 753833753804
634574 142454821670 634063 018013180641 821180 501803
634574 171821201670 018804686 576088454 753833753804
576088454
576088454
110861454
641068180454 375164686 821454
686043454142 375164686 821454 641055180 686088670 501013454
068670861
180068
576088454
018821374 375063 454321201
686043454142 142454321703 018821374 454321201 821180 501803
068670861
501803
588164641 588813686
634063 158803804 670803703558
110043686 501821142 670088180641 240158 576088454142 454574 641321374413454 821454
142804 501821142 576088454142 641055180
710878753375
180321171821201 055454 501803374
821180454810240142454821201
686164670
018043686068 013686821142
753088 180861753 821374
176321454 821374 018821374 180861753
641013375474 641013180
641013375474
375164454 634063 142240142375043180641474 833180
576321454413
576321454413
576321454413
180055
110804686 028321142454 375164454 018821753 068158474 501803 703552 240 753821180821454 068670861
753861576804 641013375474 641013180 110833180454142 454574 588068 821180 501803 176321454 641574 634574 171821201670
874164641 088 375164454 641013375474 641013180 821180 501803 110821171 501240 686088413
821180 110821171 501240 641810013588413
686043454142 142804 821703 501861 110833180454 454574 375686861
018088 641013375474 641013180
018043686068 641810013588413
634574 110833180240 670821142
686164670 753088 454804171
686164670 753088 454321201 088 588821158 634574 240 670821142
068670861
068670861
088 110068180454 753861670 018821753 670321753 055454 171810574 501240 576263374
088753 142552804
018043686068 088753 703810043180641686804
088753 180088142
176803374 753088 454321201
176803374 753088 013375558
018804374 240 753055142
018804374 804454821201 375263454 240158 501240
110861454 240 753821180821454
142821454 641055180
375821670 142321753171821201
176321454 641574 634574 110833180454
576686833670142 013180641 576164670142
110833180454 501240 321501474 576686833670142
686164670
176321062142 501013062
176321454142 501013454 142861
686088670
028321142454 686088670 634063 810043641 874574374
501240 454043686240703068180
821454142 641013641804
454043686 018821753 176321454 634574 641574821201
634574 180804641 142240753 142375861142 501803
068670861
180055 634574158 588833454 240 588164641 142375861142
018043686068
018574374 501821142
018088 263 634574 641013641013 552 263 634574 454878670821201 454574 641013641013
180068
821374 821758 753833753804
068670861
088686 454878670 833180 753088 454043686240703068180
018043686068 013686821142
641574 634574 110833180454 454574 588068 142110821753821201 176043180 110804 588043454 018068753
180068
634574 641574 454574
576088
142804 018574374 833180 501240 454043686240703068180
018043686068
176321301 240576055301 641310641310
641013641013 110833180454142 454574 375686861 110821171 501240 576686833670142
344013344013 576088
641013641013 821374 576088 634043142
018804374 013454 530813670
641013641013 821374 576088 576088
576088 641013641013 703263 240110861
588240180240 804454 501240 703068180
013686821142
686164670 176321454 088 142878
013375558
634013
088 670240641413454 576821686804158 821454 501821142 821374 240 180574 576164670 821374413454 821454
634574 180068 501013454 110321180
710803 634013
018088
142068 375810821454804 013180641 142878703454
634013 018885 263 501240 703686055474374
670804
634013
013180641 501803
501803374 552821180028
552821180028 013180641 501803 263 634063 874574374
018088
576164670
634574 110833180240 142804 240 180574 576164670
088 171821201670 088 180068 501013454 501821142 110321180374
180574
110833180240 686164670 013454 501821142 576164670
068670861
176321454 641574 634574 142804
018861 088 142804 240 454043686240703068488 088 171821201670
634013
142861753
686164670 176321454 501013454 576858 018013374
176321454142 501013454 810088454 501803
641068180454 670686833576474 501240 576858
018088
018088
501013454142 176321454 686552413 142043374 833180 501240
018088
018574374 501013454
821374 018804 142110804454
670821142821374 833180 634063 703861142
641574 634574 142804 142321753171821201 634574 110833180721
176321454
176321454 641574 634574 110833180454
501821142
501240 576858
501013454
576088
804454821201
088 670240641 588068 703552 501013454
176321454
501240 576686833670
641821641 501240 576686833670 588068
634013
501803374 501240 576686833670
753833753804 110821686 588043454 821454 703552 634574
686043454142 142804 176321454 043686142 110804 018013158 821180 501821142 576164670
088 142804 454574 171821201374 634574 180068 821180 501821142
670821454804 013180641 176321454 240576055454 501821142
176321454142 501013454
240 670821454476
641574 634574 180068 176321454 501821142 821374
821454142 180833454 176321454 088 171878454 821454 110321374
088 171878454 821454 110321374 088142 670810804753
454043686 176321454 088158 588833454 833180 501240 576810861180
501013454 821374 240 670821454804374 703861142
641574 634574 180068 176321454 501821142 821374
501013454 686164670142 028321142454 686088670 028821180028474374 703861142 641321374413454 821454
173321454 641574 634574 171821201670 501013454 013180240753558 686164670142
028804028804 634013
028804028804374 753055171
176321454142 501013454
641574 634574 180068 176321454 501013454 821374
670013180 634574 686164670 013454 501013454 013180641 454043686 176321454 501013454 821374
176321454 821374 501013454 810088454 501803
240 180068374
821454 821374 240 670055374 180068374
810088454 501803 821374 240 670055374 180068374
588164641 588813686
088 641068180454 171821201670 634574 180068 043180804 240158 501068374 171821201374
