726 203 552 525 503 120 120 203 705 822 565 514 860 437 118
652 437 118 565 630 287 514 860 771 552 887 822 007 887 287 007 004 120
004 503 221 514 221 414 333 822
726 203 552 525 503 120 120 203 652 437 118 004 120 565 887 705
652 437 118 004 120 565 887 705
007 004 067 514 221 258 887 463 118
246 118 885 503 800
150 254 120 705 565 887 705
150 254 120 705 565 004 120
150 254 120 887 287 887 120
652 437 118 118 004 503 726 203 120 885 118 887 120 800 120
120 885 118 887 120 800 120
726 203 552 525 503 120 887 120 887 503
811 437 120 565 004 120 525 503
565 004 120
726 531 705
246 118 885
246 811 432 887 120 254 811
120 885 118 565 514 221 414 333 822 800 120
176 822 887 463 118 887 120 552 887 652 118 254 405 800 120
652 531 120 705 705 650
726 004
811 437 652 887 120 800 120
150 254 120 705 887 120
652 437 118
652 437 118
150 254 120 705 565 004 120
333 531 120 887 120
333 531 120 887 120
333 531 120 887 120
887 287 565 004 120 072 457 565 514 221 414 333 822
118 004 503 726 203 072 822 221 887 120 120 203 565 514 221 414 333 822
072 822 221 887 120
811 437 120 887 120 887 503 246 118 885
246 118 885
150 254 120 736 726 203 333 514 503 514 221 203
176 652 652 531 120 007 016 811 652 885 552 887 822 565 887 705 072 457 514 150 176 652
150 254 120
150 254 120
150 254 120 705 565 887 705
514 705 405 176 652 887 120 007 004 287 514 705 405 176 652
333 887 067 007 887 405 514 118 887 705 246 118 885 118 254 405 525 503
726 004
150 254 120 887 287 887 120 514 860 414 652
652 437 118 004 120 565 514 860 437 118
652 437 118
150 254 120 705 565 887 705
150 254 120 705 565 887 705
150 254 120 705 565 004 120
150 254 120 705 565 004 120
565 004 120
150 254 120 514 503 176 705 221 414 333 822
726 004 726 004
565 887 705 514 860 254 120 021 072 652 176
150 254 120 705 565 004 120
150 254 120 705 565 004 120
072 457 405 887 652 118
072 457 405 887 825 118
726 203 221 246 503 120 503 246 150 254 120 565 822 287 822 887 463 287 736
150 254 120 705 565 004 120
514 860 514 652 203 503
118 004 503 726 203 705 885 860 514 652 203 503
150 254 120 221 203 726 203 705 885
150 254 120 705 565 004 120
150 254 120 887 287 887 120
118 004 503 726 203 705 885 118 887 120 822
565 004 120 705 514 118 887 120 822
552 525 503 514 824 437 118 004 120 514 503 254 565 021 860 437 118
565 887 705 887 287 514 120 254 384 887 463 860 437 118
514 860 771
887 120 705 514 860 254 503 822
860 254 503 822
072 822 652 860 254 503 822
652 437 118
565 630 287 004 652 887 705
811 822 118 514 860 203
150 254 120 705 887 503 565 514 007 800 705
565 004 120
118 004 503 726 203 072 822 221 887 120 120 203 565 514 221 414 352 822
221 414 333 822 287 007 254 463 333 258 822
072 822 221 887 120 120 203 565 514 221 414 333 822
176 652 246 811 860 565 514 221 457
565 630 726 203 333 246
565 630
860 258 254 600 726 821 007 630
860 258 254 600 726 821 007 630
705 887 120 221 800 503
150 176 221 246 503 120 552 822 120 258 176 565 887 705
221 254 287 565 887 705 258 887 463
705 885 007 531 652 246
007 531 652 246
565 004 120 705 258 176 120
007 203 287 525 503 565 514 120 531 652 514 072 246 503 004 652 887 705
007 176
726 004 007 176
007 176 221 004 221 004
705 885 007 176 221 004 221 004
007 531 652 246
007 531 652 246 221 004 221 004
887 287 887 120 221 004 221 822 525 503 565 514 072 246 503
811 258 531 705 565 514 860 254 120 432
565 630 726 203 333 246
705 885
007 531 652 246 221 226 221 226
007 531 652 246 221 004 221 004
652 531 120 565 514 860 771 120 414 118 525 503 565 514 072 246 503
007 531 652 246 004 652 887 705
007 531 652 246
004 652 887 705 007 800 004 726 203
004 652 887 705 007 800 736 726 203
503 525 120 333 514 503 514 221 203 887 120
150 254 120 705 887 503 565 630
150 254 120 705 887 503 565 630
150 254 120
652 437 118
150 254 120 887 287 887 120
118 004 503 726 203 333 531 120 887 120
118 004 503 726 203 333 531 120 007 887 461
118 004 503 726 203 333 531 120 007 887 405
007 531 652 246 004 652 887 705 007 531 652 246
118 004 503 726 203 333 531 120 007 887 405
811 437 652 565 887 705 254 811
176 405 705 457 822 176 405 705 457 822 860 885 860 822
176 405 705 457 822 176 221 887 221 432 120 822 887 463 118 565 004 120 552 437 221 705 118 630 726 203
176 221 887 221 432 120 822 887 463 118 887 120 552 437 221
007 531 652 246
176 405 705 457 822 176 705 118 630 221 726 203 176 405 258 822 652 822 503 176 705
726 203 552 525 503 514 120 254 384 405 822
120 254 384 405 822
176 405 652 246 503 705 482
246 118 885
176 050 705 457 822 004 652 887 705
176 405 705 457 822
176 652 811 437 120 887 120 514 552 885
333 437 221 860 176
887 120 705 514 552 885 887 120 705 514 552 885
150 254 120 118 004 503 726 203 221 203 552 887 822 565 887 705
150 254 120 705 565 887 705
860 652 525 118
860 652 525 118
887 120 705 514 552 885
887 120 705 514 552 885
652 437 118 887 120 705 246 067 021 007 411
887 120 705 246 067 021 007 411
007 531 665 246
887 120 705 514 552 885
652 437 118
150 254 120 514 860 800 120 565 514 860 652 525 118 705
150 254 120 514 860 800 120 565 514 860 652 525 118 705
811 822 118 514 860 203
726 203 118 004 503 120 333 531 120 405 822 118 004 503 726 203
811 822 118 514 860 203
726 203
650 254 705 120 333 514 503 514 822 120 565 514 118 246 405 004 503 221 565 004 120 705 414 652
007 411
150 254 120 705 565 004 120
514 221 414 333 822
246 811 432
565 630 736 705 246 405 531 503 822 120 771 287
405 525 405 514 120 203 405 531 503 822 120 771 287
246 118 885
552 254 287 565 004 120 333 437 221
221 203 565 822 287 705 118 552 822 118
503 155
565 630
860 887 652 221 565 531 405 254 811
246 118 885
150 254 120
120 885 118 565 531 405 221 800 503
150 254 120
726 004
150 630 287 221 004 221 222
221 004 221 822 503 525 120 007 411
221 004 221 822 287 503 525 120 007 411
811 258 887 120 822 811 258 887 120 822
007 411
150 254 120
221 004 221 822
150 630 221 887 221 887 120 333 246
726 203 552 525 503 120 565 004 120 552 254 503
221 004 221 822
176 652 333 246 333 531 120 726 821 860 652 525 118
565 887 705 887 287 514 860 652 525 118
705 885
405 525 405 822
861 652 525 118
007 411
246 118 885
503 800 150 254 120
004 652 887 705
258 531 221 822
887 287 565 887 705 514 860 652 525 118
150 254 120
246 118 885
007 887 120 565 514 860 652 525 118 705
333 437 221
552 885 120 514 705 531 118 432 221
652 531 120 405 822 333 531 120 565 887 705
726 821 514 405 254 463 118 822
246 118 885
503 800 552 885 120
652 531 120 405 822 333 531 120 565 531 405 860 887 652 120 254 811
004 652 887 705
860 652 525 118
860 652 525 118
333 531 120 565 514 860 652 525 118
705 885 405 525 405 514
333 531 120 565 514 860 652 525 118
333 246 552 176 652 221 004 652 887 705
246 118 885
246 118 885
150 254 120 705 565 004 120 004 652 887 705
150 254 120 705 565 004 120 514 860 652 525 118
565 004 120
058 004 120 705 514 120 531 652 514 072 246 503
565 004 120 705 565 514 072 246 503
705 885
007 531 652 246
726 203 552 525 503 120 120 203 705 811 822 118 120 203 004 652 887 705
705 885 007 531 652 246
150 254 120 705
726 203 007 004 067 120 203 120 531 652 405 822
860 652 525 118
726 203 552 525 503 120 565 514 860 652 525 118 705
705 885 860 652 525 118
118 004 503 726 203
860 652 525 118
726 004 565 004 120
221 004 221 822 565 887 705 887 287 514 221 004 221 822
708 118 885
221 004 221 822
246 118 885
246 118 885
705 885 860 652 525 118
705 885 822 004 463 118 726 203 072 457 514 860 652 525 118
652 531 120 405 822 600 246 726 203 705 254 405 822 887 463
652 437 118
118 004 503 726 203 860 258 254 600 565 514 221 414 333 822 287 007 630
652 437 118 007 800 705 414 072 120
118 004 503 726 203 221 203 565 004 120
552 525 503 120 120 203
007 411
887 287 514 860 258 254 600
860 258 254 600 004 652 887 705 887 287 007 630
887 287 565 004 120 150 254 120 514 221 414 333 822 705 531 287
258 887 405 531 405 860 021 150 531 503 600 822 503 514 705 531 287
150 254 120 514 705 414 072 120 411
072 822 652
150 254 120 705 565 004 120
007 531 652 246
726 531 705 565 004 120 705 258 176 120
565 004 120 705 514 333 437 221 333 016 652
552 254 287 887 120 221 004 221 822
004 503 705 021 565 514 072 246 503
004 503 705 021 565 514 072 246 503
007 176
007 176
126 004 120 756 150 254 120 652 457 432 756 531 287 525 503 126 514
007 176
007 203 287 565 004 120
887 287 007 822 705 552 822 120
118 887 705 887 287 525 503 726 821 072 885 705
221 203 726 203 705 822 705 254 405 822 887 463 726 203 552 525 503 120
150 254 120
150 254 120 221 203 726 203 552 525 503 120
565 887 705
565 514 860 771
565 004 120
246 118 885
150 254 120 514 503 176 705 007 254 333 072 457 565 514 860 885 860 822
072 414 652 221 800 503
221 203 726 203 552 525 503 120 565 887 705
514 503 176 705 118 887 705
822 887 463 118 726 203 118 514 221 860 258 254 600 565 514 221 525 652 822 287 007 630 120 203
705 652 822 811 822
652 437 118 726 203 118 514 221 860 258 254 600 565 514 221 525 652 822 287 007 630 120 203
457 726 821 246 503 007 630
221 203 726 203 552 525 503 863 863 203 652 437 118 004 863 565 514 860 437 118 514 333 531 503
726 203 652 437 118 004 120 887 120
887 120 705 405 531 652 287 333 437 221 120 203
652 437 118 004 652 887 705
652 437 118
811 822 118 514 860 203
811 822 118 514 860 203
811 822 118 514 860 203
118 004 503 726 203 221 203 565 004 120
565 630 287 150 254 120 705 405 531 652 287 333 437 221
652 437 118 705 405 531 652
705 405 531 652 333 437 221
565 004 120 705 514 552 887 118 887 221 652 004 072 726 203 405 254 463 118 822
652 437 118 007 411 287 705 254 405 822 887 463 120 203 120 254 384
072 822 652 565 004 120
150 254 120 705 565 004 120
565 004 120 705 120 203 705 822 726 821 705 531 652 072
652 437 108 565 630 726 203 736
565 630 287 565 514 860 840 860 822
333 887 067 004 652 887 705 514 118 887 705
726 004
246 118 885
736 726 203 652 887 118 887 463 887 120
726 531 705
726 531 705
221 254 287 565 004 120 072 822 652 333 437 221 120 203 726 821 120 254 463
007 411
887 120 705 246 118 885
565 004 120 004 652 887 705 887 503 565 514 811 887 118 384 021
333 525 120 726 821 072 887 463 333 021 287
120 887 118 618 405 822
120 887 118 618 405 822
120 887 118 618 120 887 118 618 120 887 118 618
150 254 120 053 565 004 120
565 822 287 736 221 004 221 822 287
004 652 887 705 405 525 405 822 503 525 118 120 565 531 405 221 800 503
333 514 503 514 221 203
565 630
726 203 652 176 118 565 514 860 652 525 118 705
705 885 860 652 525 118 705
150 254 120 705 565 887 705 004 652 887 705
514 860 652 525 118 514 860 652 525 118
652 437 118 004 120 565 004 120 221 525 652 822
150 254 120 221 203 726 203 822 887 463 118 514 067 565 004 120 221 525 652 822
004 652 887 705 118 254 405 007 411
514 860 531 120 021 552 254 503
552 254 503 565 004 120 552 887 652 072 652 004 811
887 503 565 514 860 258 822 287
118 254 405 007 411 176 552 525 503 120 726 203 120 203 705 887 120 254 811 007 411 072 457 650 254 705 120 514
405 887 503 887 120
176 552 525 503 120 120 203 600 246 726 203 705 254 405 822 887 463
652 437 118
221 203 726 203 258 887 405 531 405 860 021 565 887 705
007 411 287 514 811 254 811 887 120
007 531 652 246 004 652 887 705
007 800 736 726 203
552 525 562 514 811 531 120 405 822
726 203 221 246 503 120 652 176 118 887 120
246 118 885
118 414 652 221 004 221 822 525 503 565 514 120 531 652 514 072 246 503
726 203 221 203 565 004 120
565 004 120 705 258 176 120
503 800 811 042 118 254 811 565 514 120 531 652 514 072 246 503 004 503 221 705 885 007 531 652 246
007 531 652 246 221 004 221 822
726 004
333 437 221
150 254 120 237 565 004 120
565 004 120 705 514 652 887 120 618 120 771 221 525 652 822
652 437 118 007 822 287 333 525 120 514 287 887 811 021 004 652 887 705
565 630 552 822 333 246
118 414 652 221 004 221 822
246 118 885 503 800 652 437 118
565 887 705 887 287 514 287 887 811 021
565 887 705 287 887 811 021 287 514 652 887 120 618 860 887 120 007 736 221
726 203 552 525 503 514 120 258 176 842 120
726 203 120 258 176 887 120
726 004
503 800 552 525 384 565 887 705
118 004 503 726 203 254 503 120 176 565 887 705
652 437 118 004 120
405 525 405 822 287 333 514 503 514 120 176 887 120
004 503 221 726 203 254 503 120 176 887 120
565 004 120 705 258 176 120
333 246 514 007 531 221
811 437 652 565 432 705 552 254 503
503 246
503 525 120 652 176 118 565 004 120
726 203 652 176 118 565 514 120 531 652 514 072 246 503
150 254 120 705 565 004 120
150 254 120 705 565 004 120
565 004 120
565 630 726 203 333 246
176 860 531 120 726 203 118 514 221 258 004 120 618 565 004 120 120 885 860 618 514 860 800 120 531 503 822 552 885 176 811 437 120 726 203
726 004 726 203 333 525 120 887 120 118 887 221 246
652 531 120 705 705 887 120 254 811 007 411
503 246 887 120 221 254 287 432 120
246 118 885 726 203 705 887 120 565 630 004 503 221 176 652 811 437 120 726 821 600 203 287 860 004 118 525 503
007 176 860 885 860 822
333 887 067 565 514 860 885 860 822 514 118 887 705 726 203 552 525 503 120 120 203
726 203 552 525 503 514 333 531 120 120 203 565 822 287 120 771 287 221 246 503 120 726 203
652 531 120 705 333 531 120 221 800 503 004 503 221 333 531 120 120 203 565 822 287 120 771 287
333 246 120 203 887 120 118 887 221
652 437 118 004 652 887 705 258 887 405 531 405 860 021
565 887 705
150 254 120 705 887 503 565 630
150 254 120 887 287 887 120
726 203 503 246 514 860 800 120 565 004 120
150 254 120 887 287 565 004 120
118 004 503 726 203 811 437 652 887 120 800 120
333 531 120 887 120
150 254 120 887 287 887 120
150 254 120 705 565 004 120
150 254 120 887 287 887 120
118 254 405 007 411 887 287 887 120 514 221 414 333 822
150 254 120 705 514 221 414 333 822 705 885 004 652 887 705
150 254 120 221 254 287 565 887 705 221 414 333 822 705 885
150 254 120 531 652 705 221 254 287 007 822 705 885
007 411 287 514 860 258 254 600 072 457 007 887 287 007 630
246 118 117
552 525 503 120 120 203 860 258 254 600 887 120
652 437 118
118 552 004 118
887 287 887 120 333 437 221 120 203 822 120 414 652 258 176 120
333 887 067 565 514 221 414 333 822 705 514 405
860 258 254 600 007 887 405
726 004 007 822 652 652 176 118 565 004 120
736 726 203 503 525 120 333 246 887 463 120 203 120 414 118 004 120 414 652
176 822 887 463 118 600 822 705 531 221 552 254 503 552 016 221
118 254 405 007 411
176 652 120 531 652 726 203 525 254 120
652 531 120 705 652 437 118 004 120 565 887 705 860 437 118
652 437 118 004 120 403 514 860 437 118
565 630 287 514 860 254 503 822 887 503 565 887 705 860 437 118
503 254 822 887 463 726 203 118 004 503 258 822 652 822 120 414 118 514 860 800 120 565 246
120 254 384 565 887 705 652 437 118
705 822 007 800 887 120 887 287
705 414 072 120
150 630 287 565 514 860 771
811 822 118 514 860 203
726 203 221 203 887 120
726 004
811 822 118 514 860 203 860 771
150 630 887 287 007 822
150 630 887 287 007 822
811 822 118 514 860 203
150 254 120 531 652 705 726 203 705 822
652 437 118
514 860 771 004 503 221 514 333 016 652
176 860 531 120 726 203 118 004 503 705 405 531 652 565 887 705 705 405 531 652
552 437 221 726 203 652 437 118
432 437 118
565 630 287 565 514 860 885 860 822
221 246 503 120 705 405 531 652 565 514 860 885 860 822
652 437 118 004 120 565 514 860 885 860 822
652 437 118 004 120
565 630 287 004 652 887 705
652 371 120 705 705 822
072 822 652 565 887 705
503 800
150 254 120 705 565 004 120
565 004 426 860 885 860 822
565 630 287 565 514 860 254 503 822 705 652 822 811 887 463
503 176 120 503 176 120
221 004 221 822
514 118 887 120 822
221 203 726 203 822 887 463 118 887 120 705 514 118 887 120 822
726 203 118 004 503 822 887 463 118 887 120 705 514 118 887 120 822
887 287 565 004 120 514 118 887 120 822
007 411 118 887 120 822 118 887 120 822 705 652 822 811 887 463 118 887 120 822
652 437 118 726 203 118 004 503 705 120 887 118 726 821 072 887 463 333 021 887 503 565 630
705 120 887 118 726 821 072 887 463 333 021 887 503 565 004 120 007 246 652 258 176 120
333 437 221 333 016 652
503 800 652 531 120 705 705 822 150 254 120 705 565 514 860 885 860 822 705 885 887 463
860 176 860 176 004 652 887 705
860 176 860 176
860 176 860 176
004 652 887 705
221 414 333 822 333 525 120 514 118 887 705 072 258 514 405 726 203
150 254 120 221 254 287 565 514 221 414 333 822 705 885 004 652 887 705
118 254 405 007 411
007 176 004 652 887 705 007 176
726 203 258 822 652 822 007 885 120 565 887 705 822 887 463 221 246 503 120 726 203
150 254 120 887 287 565 887 705
552 525 503 514
120 254 384 887 120
552 525 503 514 811 437 652 007 887 287 120 254 463
552 525 503 514 118 254 405 800 120
652 437 118
726 203 118 004 503 118 652 246 287 565 514 221 457 525 503 007 887 287 007 531 221
600 822 258 822 652 822 007 885 120 705 887 120
246 118 885 414 652 258 176 120
887 120 705 414 652 258 176 120
176 811 437 120 887 120 514 552 885
887 120 705 414 652 333 414 503
887 120 705 414 652 333 414 503
565 004 120 705 887 503 118 258 531 324 514 860 618
176 221 246 503 120 503 246 150 176 600 822 007 885 120 705 887 120 705 246 405 254 384
652 531 120 705 811 437 120 565 514 838 414 333 822 887 503
333 437 221 860 176
811 822 118 514 860 203
150 254 120 705 887 503 565 630
565 630 287 514 811 525 118 887 120
221 004 221 822
457 221 414 333 822
333 525 120 726 821 072 887 463 333 021 287
120 887 118 618 405 822
120 887 118 618 405 822
120 887 118 618 120 887 118 618 120 887 118 618
150 254 120 705 565 004 120
565 822 287 736 221 004 221 822 287
004 652 887 705 405 525 405 822 503 525 118 120 565 531 405 221 800 503
333 514 503 514 221 203
565 630
726 203 652 176 118 565 514 860 652 525 118 705
503 246 150 254 120
150 630 287 736 705 887 705 120 021 004 485 887 705
150 630 221 887 221 705 887 705 822 333 246
887 287 600 822 333 246 887 463
333 246 887 463 860 176 860 176
726 203 811 887 118 150 887 384 120 771 726 203 652 176 118
246 118 885
176 503 246 726 203 652 176 118 565 514 120 531 652 514 830 246 503
004 503 221 176 822 887 463 118 726 203 652 176 118 565 514 860 652 525 118 705
565 514 221 414 333 822
176 333 525 120 514 503 176 221 822 514
726 821 887 503 120 203 221 887 705 120 258 254 118 600 432 736 503 120 726 203 004 652 887 705
007 411
150 254 120 221 203 726 203 552 525 503 120 120 203 221 203 552 887 822 565 004 120
503 525 118 887 120 221 800 503
176 503 203 887 120
150 254 120 887 287 565 004 120
118 004 503 726 203 705 885 860 652 525 118
565 004 120 705 514 860 652 525 118
176 333 525 120 860 652 525 118 705 004 120 007 246 405
246 118 885
726 821 705 246 503 254 120 705
150 254 120 221 203 726 203 552 525 503 120
150 630 287 565 514 221 414 333 822
221 800 503 007 411
414 652 333 414 503
150 254 120 221 203 726 203 552 525 503 120
120 531 652 405 822
726 821 333 514 503 514 072 414 652
705 887 120 221 800 503
705 887 120 221 800 503
565 004 120 705
726 004 565 004 120 705 514 333 437 221 333 016 652
150 254 120 221 203 726 203 552 525 503 120
150 254 120 221 203 726 203 552 525 503 120
120 531 652 405 525 405 822 150 254 120 726 203 552 525 503 120
004 652 887 705 150 254 120 221 203 726 203 552 525 503 120
150 254 120 705 565 004 120
221 246 503 120 120 411
246 118 885 150 254 120 221 203 726 203 552 525 503 120
705 887 120 221 800 503
705 887 120 221 800 503
552 531 652 726 203 600 246 405 822 150 254 120 221 203 726 203 552 525 503 120
150 254 120 221 203 726 203 552 525 503 120
726 203 118 004 503 705 120 004 503 221 565 630
150 254 120 221 203 726 203 552 525 503 120
150 254 120 221 203 726 203 552 525 503 120
503 246 552 885
221 203 726 203 552 525 503 120 565 887 705
150 254 120 887 287 565 004 120
552 885 120 514 405 887 503 887 120
176 705 414 705 254 405 822 887 463 726 203 503 246
565 004 120 705 514 120 016 120 618
652 531 120 705 705 822 887 072 552 822 118 004 503 072 176 503 221 514 221 254 118
565 630 287 514 072 887 600 384
705 887 120 221 800 503
705 887 120
565 630 287
514 860 016 221
652 437 118 004 120 565 004 120 860 016 221
652 437 118 004 120 565 887 705
150 254 120 705 565 004 120 004 652 887 705
887 120 705 514 811 887 333 822
887 120 705 514 811 887 333 822
726 203 503 246 378 254 120 811 887 333 822 705 531 287
221 246 503 120 007 887 120 887 120
072 021 333 531 120 887 120
176 077 822 514 860 254 503 822
176 705 822 514 860 254 503 822 525 503 007 411
860 254 503 822
860 254 503 822 457 860 652 525 118 822 565 021 552 254 503
150 254 120 705 565 004 120
150 254 120 887 287 887 120
652 437 118 004 120 887 120
887 287 887 120 514 118 887 120 822
887 287 887 120 514 118 887 120 822
150 254 120 887 287 514 118 887 120 822
246 118 885
503 246
705 887 120 221 800 503 004 503 221 726 203
552 822 652 811 652 885 514 686 885 405 552 887 822 565 822 287 246 118 885
176 652 811 437 120 705 254 405 822 887 463 860 887 007 176 503 221
705 887 120 221 800 503
221 800 503
552 885 120 007 800 221 887 221 726 203 817 531 120 705 246 118 258 885 287 822
705 887 120 221 800 503
004 652 887 705 652 437 118
705 887 120 221 800 503
811 822 118 514 860 203
004 652 887 705 150 630 287 565 514 221 414 333 822
811 822 118 514 860 203
565 885 072 531 652 221 800 503 860 887 118 254 287 726 203 503 525 118 120 565 531 405 221 800 503
705 887 120 221 800 503
705 887 120
705 887 120
414 652 333 414 503
414 652 333 414 503
150 254 120 221 203 726 203 552 525 503 120
004 652 887 705 652 437 118 221 800 503 565 630
120 531 652 405 822 150 254 120 726 203 552 525 503 120
726 821 333 514 503 514 072 652 176
552 531 652 118 652 176 405 254 811
007 411 176 652 405 203 067 565 822 287 246 067 021
118 652 176 405 254 811
565 004 120 705 333 437 221
565 004 120 705 333 437 221
565 630 600 822 887 287
525 503 405 525 405 822 287
652 004 811
503 246 726 821 503 525 120 652 822 067 887 463
726 203 067 333 525 120 120 203 705 120 885 118 652 246 287
150 176 221 246 503 120 552 822 118 414 652 221 004 221 822
652 531 120 705 118 414 652 007 887 405 258 176 120 503 800
150 254 120
246 118 885
007 531 652 246 652 531 120 705 120 414 118 120 203 221 004 221 822
726 531 705 004 652 887 705 887 287 007 411
120 531 652 221 004 221 822 150 254 120 726 821 221 203 887 463
552 885 120 514 705 531 118 432 221
176 652 811 437 120 264 067 258 822 822 887 463 525 503 007 411 705 246 726 203 552 246 503 120 007 004 067 120 203 333 264 120 221 800 503 072 457 264 503 822 822 887 463
150 254 120
007 411
726 203 552 525 503 120 565 514 221 414 333 007 800 705
652 437 118
150 254 120 705 887 503 565 630
552 531 652 176 221 246 503 120 503 246
726 203 652 437 118
221 246 503 120 822 258 246 887 120 221 800 503
652 437 118 004 652 887 705
652 437 118
811 258 887 120 531 503 221
150 254 120 705 887 503 565 630
176 221 246 503 120 503 246
726 203 778 176 503 221 800 120
887 120 705 705 246 333 437 221 120 203 822 120
822 120 887 120 004 503 221 333 246
246 118 885 150 254 120 531 652 705 887 287 887 503 565 630
600 203 287
726 004 600 203 287
118 004 503 726 203 705 885 600 203 287
542 254 120 705 565 004 120
150 254 120 705 565 004 120
004 652 887 705 150 254 120 705 565 004 120
726 821 333 514 503 514 072 414 652 525 503 726 821 007 531 221
860 885 860 822
860 885 860 822
150 254 120 705 887 503 007 411
150 254 120 150 254 120 150 254 120
004 652 887 705 600 203
565 630 287 705 254 405 822 887 463 531 652 705 565 246
176 221 246 503 120 503 246 887 072 726 203 705 414 887 120
118 254 405 007 411
150 254 120 887 287 565 004 120
726 821 705 246 118 258 885 287 822
333 531 120 860 004 118 887 503 007 411
150 254 120 887 287 565 004 120
887 287 565 887 705 514 860 414 652
726 203 552 525 503 120 405 822 120 203 652 822 067 726 203 514 652 246 503
004 405 176 860 822 887 463 405 822 503 120 203 726 203
333 531 120 565 514 221 414 333 487
726 203 333 531 120 565 514 221 414 333 822
004 652 887 705
652 437 118 004 120 565 004 120
118 254 405 007 411
565 004 120 705 150 176 552 822 007 004 221 726 203 258 887 705 120 258 885 503 221
176 503 203 565 630 552 254 287 514 258 822 287 432
118 254 405 007 411
150 254 120 705 565 004 120
150 254 120 705 565 004 120 514 221 414 333 822
150 254 120 705 565 004 120
652 437 118
150 254 120 887 287 887 120
150 254 120 705 086 004 120
652 437 118
150 254 120 887 287 887 120
150 254 120 887 287 565 004 120
150 254 120 705 565 004 120
887 287 565 004 120 514 221 254 118
726 004
150 254 120 705 565 004 120
176 405 333 514 503 514 705 885
150 254 120 705 565 004 120
221 414 333 822
150 254 120 221 254 287 565 004 120 221 414 333 822 705 885
072 021 333 531 120 887 120
150 254 120 705 565 004 120
860 514 652 203 503
860 514 652 203 503
860 514 652 203 503
705 405 531 652 565 004 120
503 254 822 887 463
811 822 118 514 860 203
652 437 118
150 630 287 565 514 860 771
416 246 503 120 811 437 652 887 120 414 072
811 822 118 514 860 203
726 203 652 176 118 565 004 120
246 118 885
007 203 287 565 004 120
552 525 503 514 652 437 118 235 120 565 514 860 437 118 860 885 860 822
726 203 600 246 405 822 565 514 860 437 118 150 075 120 221 203 726 203 705 822
514 860 254 333 726 531 705
176 705 822 514 860 254 333
150 254 120 531 652 705 221 203 726 203 705 822
514 860 652 525 118 726 004 514 860 254 333 887 287 525 503 514 860 652 525 118
860 652 525 118
150 254 120 887 287 565 004 120
887 120 887 287 514 118 887 120 822
004 503 221 150 254 120 705 565 004 120
118 552 004 118
503 246 565 004 120 705 503 525 120 514 118 887 120 822
118 552 004 118 118 552 004 118 150 254 120 887 287 887 120
887 120 705 514 221 254 118
887 120 705 514 221 254 118
652 531 120 705 652 437 118 004 120 705 514 405 405 457 514 067 565 887 705 860 437 118
176 822 887 463 118 887 120 705 514 811 258 887 120 822 552 254 503
150 254 120 705 565 887 705
221 414 333 822
221 203 565 885
150 254 120 221 203 565 885 007 004 067 887 503 565 630 405 800 565 287
705 822 565 004 120 258 176 120 565 630
150 254 120 887 287 565 004 120 887 503 565 630 405 800 822
514 860 771
150 254 120 705 887 503 007 887 287 007 004 503 221
887 120 705 503 525 120 726 821 287
887 287 887 120 726 821 287
726 203 552 525 503 120 120 203 405 885 118 887 120
552 525 503 514 120 885 118 887 120
887 120 705 514 007 004 120
072 457 007 887 287 007 630
887 120 705 514 007 004 120
600 203 287
600 203 287
324 203 287 652 176 118 004 652 887 705 007 004 287
600 203 287
176 552 525 503 120 565 887 705
007 411 287 007 887 287 600 203 287 004 503 221 565 531 503 007 887 287
150 254 120
705 525 118 705
705 525 118
004 503 221 652 437 118 004 120 150 254 120 565 514 118 887 120 822 287 811 652 885 887 463 552 887 822
887 287 565 004 120 726 821 118 887 120 822
405 525 405 822
405 122 405 822 287 007 411
726 203 652 176 118 405 525 405 822 287 811 258 887 120 822 726 004
150 254 120 705 565 004 120
860 254 120 021 072 652 176
860 254 333
860 254 828
004 503 221 150 254 120 705 565 004 120
072 457 650 203 705
150 254 120 705 565 887 705
726 203 503 246 565 004 120 552 016 221
150 254 120 887 287 565 004 120
705 887 120
887 503 150 254 241
887 503 514 384 630
726 203 705 531 221 384 630 860 887 072 457
384 630
384 630
067 630 822 333 437 221
384 630
860 514 652 203 503
652 525 120 705 514 067 860 514 652 203 503 287
004 503 221 150 254 120 705 565 887 705 258 176 120 007 411
118 254 405 007 411
150 254 120 221 254 287 565 887 705 705 885
887 120 705 514 384 887 118
246 118 885 887 120 705 514 384 887 118
072 652 800 021 287
634 203 552 525 503 120 120 203 705 405 531 652 565 531 405
221 203 565 885 705 405 531 652
736 565 246 287 072 457 405 525 405 822
176 705 822 221 736 652 887 463
221 887 221 726 203 118 800 503 120 414 652 514 067 565 531 405
565 004 120 705 514 118 887 120 822
552 525 503 514 652 437 118 004 120 514 503 254 565 021 860 437 118
565 887 705 887 287 514 120 254 384 887 463 860 437 118
514 860 771
887 120 705 514 860 254 503 822
860 254 503 822
072 822 652 860 254 503 822
652 437 118
565 630 287 004 652 887 705
811 822 118 514 860 203
150 254 120 705 887 503 565 514 007 800 705
726 203 405 822 503 860 887 652
860 414 652
007 822 221 887 221 007 004 067 514 860 414 652 860 514 120 887 120 552 254 287 525 503 007 887 287 860 004 118
004 503 221 565 630 287 514 860 771 552 887 822 007 887 287
552 525 503 120 705 254 405 822 887 463 531 652 705
176 552 525 503 120 120 203 333 887 067 726 203 514 118 887 705 004 652 887 705
150 254 120 514 860 800 120 565 887 705
726 203 552 525 503 120 120 203 705 822 565 004 120
726 203 552 525 503 120 007 887 405 120 203 860 176 120
565 004 120 705 150 630 565 004 120 552 016 221 118 885 405 072 258 514 405
887 072 811 254 811 822 860 176 120 705 811 254 811 822 333 212 120 705 705 811 004 463 118 120
176 503 246 150 254 120 552 822 118 004 503 221 203
503 246
246 118 885
552 525 503 120
726 203 118 004 503 246 811 432 887 120 887 072 726 203 552 525 503 120
726 203 552 525 503 120 405 822 120 203 120 885 118 405 176 007 004 503 221 800 120
176 652 120 885 118 405 176 007 004 503 335 800 120
726 203 118 004 503 246 811 432 004 503 221 118 652 246 287 887 120 887 072 726 203 552 887 600
887 120 118 004 503 120 405 203 067
405 525 405 822 221 254 287 432 120 007 004 067 007 016 007 004 503 221 887 503 565 630
811 246 118
887 120 552 246 503 120 860 176 120 726 203
405 525 405 822 221 254 287 432 120 007 185 067 007 016 007 185 503 221 887 503 887 120
726 203 118 004 503 705 811 004 463 118 887 120 887 072 887 120 860 176 120 705 726 203
552 525 503 514 118 652 246 287 887 120
246 118 885
552 254 287 726 821 072 887 463 333 021 887 503 565 630
246 118 885
887 120 705 503 176 705 887 287 432 120 887 120
726 203 118 652 246 287 221 887 120 705 120 254 463 887 503 565 514 221 457
150 630 287 726 821 120 254 463
652 531 120 405 822 705 822
565 004 120 705 258 176 120
652 437 118
726 004
150 630 287 887 120 705 503 246 287
565 630 287 887 120 705 120 254 463
726 203 118 004 503 118 652 246 287 887 120
118 652 246 287 887 120 221 800 503
153 531 652 153 822 007 004 067
246 811 432 887 120 514 652 887 120 618 860 887 120
150 254 120
176 705 822 726 203
552 885 120 652 531 120 705 221 246 503 120 118 652 246 287 565 514 120 254 463 118 482 811 652 822 120 652 822 800 120
118 176 503 221 514 067 652 203 705
221 203 726 203 552 525 503 514 811 060 120 726 821 007 004 503 221 887 503 565 630
652 437 118 004 120 565 004 120 004 652 887 705
652 437 118 004 120 150 254 120 726 203 118 004 503 221 203
726 004
652 437 118 887 503 565 630
004 503 221 705 822 726 203 405 885 118 007 887 405 405 203 067 150 531 503 726 203 221 203 565 004 120
887 287 432 120 565 004 120 887 503 120 258 514 705 120 887 463
726 203 174 525 503 120 007 887 405 120 203 860 176 120
118 004 503 726 203 405 885 118 007 887 405 860 176 120
007 411
405 885 118 007 887 405 860 176 120 405 525 405 822
726 203 705 120 887 118 726 821 007 004 503 221 887 503 565 630
726 203 822 887 463 118 007 822 652 860 176 120 405 525 405 822
860 176 120
860 176 120
552 885 120
221 246 503 120 811 437 652 887 120
652 531 120 705 811 437 652 887 120 221 800 503 652 176 118 565 004 120
246 118 885
503 246
860 176 120
007 887 287 811 821 120 254 463
652 531 120 705 705 120 254 072 007 887 287 120 254 463 887 503 565 630
246 118 885
565 630
333 437 221 333 016 652
726 821 067 630 701 118 630 072 618
552 531 652 565 887 705 118 176 503 221 514 067 860 176 120 705 120 203 221 254 287 432 120 887 120
705 822 565 887 705 860 176 120 705 221 800 503
384 414 405 811
503 254 822 887 463 800 120 565 630 287
887 503 120 258 514 705 120 887 463
652 437 118
007 531 652 246 004 652 887 705
405 146 503 885 405 887 287
150 254 120 887 287 007 887 287 503 885 405
221 367 811 021 221 367 503
221 004 811 021
811 437 120 726 821 705 514 705 811 531 503 577 021 525 503
860 254 120 432
860 254 120 432
860 254 120 432
503 800
552 822 652 650 254 705 120 811 437 120 007 887 405 246 067 021 565 630 072 457 514 405 887 503 887 120 246 118 885
405 885 860 822 221 004 811 021 221 004 503 552 525 503 120 705 120 203 333 246 887 503 565 630 150 254 120 221 203 726 203 822 887 463 118
600 437 221 176 811 437 120 221 004 811 021 221 004 503 887 503 565 630 552 887 822 565 514 652 176 432
887 503 552 887 822 565 514 221 258 004 333 432
652 531 120 705 705 822 887 072 565 885 552 525 503 120 120 203 811 652 885
007 176 221 004 811 021 221 004 503
007 531 652 246 221 258 004 333 432
726 203 552 525 503 514 118 887 705
652 437 118 405 176 120 822 822
652 437 118 405 176 120 254 463 176 333 887 067 726 203 514 118 887 705
246 118 885
246 118 885
176 552 246 503 120 405 885 118 007 887 405 118 254 405 800 120 822 258 203 565 514 860 736 287
176 405 705 457 822
007 531 652 246 176 405 072 258 531 503 221 652 822
176 405 503 176 705
150 630 287 405 176 120 254 463
150 630 287 405 176 004 811 618
007 822 287 514 405 800 705
007 822 287 822 120 887 463 811 736 120 514 067 565 514
552 541 120 514 405 887 503 887 120
705 887 120 221 800 503
811 887 118 705 254 405 504 887 463
150 254 120 221 203 726 203 552 525 503 120
860 652 525 118 705 004 503 221 860 437 118 705
552 525 528 120 565 514 254 565 021 860 652 525 118 705
652 262 118
150 254 120 705 565 004 120
150 601 120 705 565 004 120 705 885
652 176 118
650 254 705 120 652 176 118 726 821 258 531 221 600 442 287
565 514 120 531 652 514 072 246 503
887 120 705 221 004 221 822
120 531 652 007 887 405 150 254 120 726 203 221 203 887 463
726 203 503 822 221 705 514 405 705 811 885 705 565 630
246 118 885
503 800 726 203 067 333 525 120 514 333 437 221 705 811 885 705
007 531 652 246
007 203 287 565 887 705
007 176 736 726 203 221 004 221 004 457 736 726 203 120 414 118 887 463 120 203 221 004 221 004
503 246
887 287 887 120 405 525 405 822
246 118 885
176 272 032 414 118 525 503 405 176 032 531 272 514 072 246 503
007 426 652 246 004 652 887 705
221 203 726 203 552 525 503 120 120 203 333 246 705 552 887 405 887 463 150 531 503 552 822 333 531 120 007 246 405
503 246
726 203 221 203 120 203
860 176
705 822 007 203 287 525 503 565 514 120 531 652 514 072 246 503
007 531 652 246
150 254 120 514 860 800 120 221 004 221 004
221 004 221 004 552 525 503 120 705 120 728 811 652 885 552 887 822 565 514 860 652 525 118 705
221 004 221 004 860 176
221 004 221 004 887 287 860 176 726 531 705
007 822 287 004 120 552 016 118
221 004 221 004 887 287 860 176 860 176
860 176 221 004 221 004 072 736 514 552 885
333 514 503 514 822 120 565 514 072 246 503
004 652 887 705
652 437 760 150 254 120 176 705 414
004 811 618
726 004
176 118 514 221 432 120 860 887 652 822 067 887 120 565 887 705 887 287 514 503 203 860 437 118 887 287 432 120 887 120
726 203 503 246 565 004 120 552 254 503
384 630 726 004
007 176
705 246 811 258 887 120 822 004 503 221 705 414 072 120
726 004 007 411 736 565 514 072 652 800 021 287
118 822
726 004
651 503 221 565 630
565 630 287 457 887 503 650
457 887 503 650 004 503 221 565 630 736 726 821 600 203 287
007 176
860 437 118
726 203 552 525 503 514 705 822 514 503 203 860 437 118
176 822 887 463 118 176 503 246 565 004 120 565 887 705 552 254 503 287
503 203
552 525 503 514 652 437 118 004 120 565 887 705 860 437 118
246 118 885
150 254 120 221 203 726 203 705 822
007 885 176 705 822 514 120 531 652 514 072 246 503 176 822 887 463 118
726 004
705 885 405
652 437 118 150 254 120 565 004 120 860 771 305 004 287
150 254 120 705 565 004 120 258 176 120 565 630
221 246 503 120 118 652 525 860 021 565 514 860 771
007 176
007 176
565 004 120 705 150 254 120 652 457 432 705 531 287 525 503 565 514
007 176
007 203 287 565 004 120
887 287 007 822 705 552 822 120
118 887 705 887 287 525 503 726 821 072 885 705
221 203 726 203 705 822 705 254 405 822 887 463 726 203 552 525 503 120
150 254 120
150 254 120 221 203 726 203 552 525 083 120
565 887 705
565 514 860 771
565 004 120
161 176
822 120 887 463
176 118 514 221 333 246 072 457 565 004 120
150 254 120
565 514 860 652 525 118
221 887 221 565 514 860 652 525 118 333 246
726 004
565 630 287 565 514 860 652 525 118
405 525 405 822 552 887 652 333 531 120 887 120 072 457 726 203
652 531 120 705 705 822 150 254 120 531 652 705 552 822 007 004 067 887 503 565 887 705 860 437 118
176 705 822 120 203 822 887 463 287 726 203 503 246 887 503 565 887 705
118 887 120 822 004 503 221 150 254 120 514 860 800 120 565 887 705
150 254 120 705 565 004 120
514 118 887 120 822
221 203 726 203 503 246 150 254 120 565 887 705 887 287
887 120 705 503 525 120 150 254 120 176 822 414 120 887 120 552 254 287
176 822 414 120 887 120 552 254 287 176 705 118 258 822 405
120 531 652 150 254 120 176 067 333 525 120 525 503 344 514 860 258 885 503
565 004 120 887 287 514 118 887 120 822 287 072 885 705
221 203 726 203 503 246 150 254 120 565 887 705 887 287
565 004 120 652 437 118 705 650 254 705 120 652 176 118 650 887 503 650 021 287 072 885 705 221 254 287 432 120 887 120
150 254 120 221 203 175 203 822 887 463 118 565 004 120 004 503 514 405 618 652 437 118 705
650 822 650 822 726 004
650 822 650 822 287 405 800 822
150 254 120 705 565 004 120
221 203 726 203 503 246 150 254 120 565 004 120 887 287
118 004 503 726 203 652 437 118 004 120 565 004 120 004 503 221 120 531 652 150 254 120 565 004 120 887 287
150 254 120 887 287 565 004 120 258 176 120 565 630
514 503 246 287
887 120 887 287 514 118 800 287 503 246 287
258 176 120 565 630 887 287 514 118 800 287 503 246 287
333 437 221 333 016 652
176 221 246 503 120 822 887 463 118 726 203 503 246 531 503 822 514 067 565 246 287 822 887 463 287
