726203 552525503120 120203 705822 565514 860437118
652437118 565630287 514 860771 552887822 007887287 007004120
004503221 514 221414333822
726203 552525503120 120203 652437118 004120 565887705
652437118 004120 565887705
007004067 514 221258887463118
246118885 503800
150254120705 565887705
150254120705 565004120
150254120 887287 887120
652437118 118004503 726203 120885118 887120 800120
120885118 887120 800120
726203 552525503120 887120 887503
811437120 565004120 525503
565004120
726531705
246118885
246811432 887120 254811
120885118 565514 221414333822 800120
176 822887463118 887120 552887652 118254405 800120
652531120705 705650
726004
811437652 887120 800120
150254120705 887120
652437118
652437118
150254120705 565004120
333531120 887120
333531120 887120
333531120 887120
887287 565004120 072457 565514 221414333822
118004503 726203 072822221 887120 120203 565514 221414333822
072822221 887120
811437120 887120 887503 246118885
246118885
150254120 736 726203 333514503514 221203
176652 652531120 007016 811652885 552887822 565887705 072457 514 150176652
150254120
150254120
150254120705 565887705
514 705405176652 887120 007004287 514 705405176652
333887067 007887405 514 118887705 246118885 118254405 525503
726004
150254120 887287 887120 514 860414652
652437118 004120 565514 860437118
652437118
150254120705 565887705
150254120705 565887705
150254120705 565004120
150254120705 565004120
565004120
150254120 514 503176705 221414333822
726004 726004
565887705 514 860254120021072652176
150254120705 565004120
150254120705 565004120
072457 405887652118
072457 405887825118
726203 221246503120 503246 150254120 565822287 822887463287 736
150254120705 565004120
514 860514652203503
118004503 726203 705885 860514652203503
150254120 221203 726203 705885
150254120705 565004120
150254120 887287 887120
118004503 726203 705885 118887120822
565004120705 514 118887120822
552525503514 824437118 004120 514503254565021 860437118
565887705 887287 514 120254384887463 860437118
514 860771
887120705 514 860254503822
860254503822
072822652 860254503822
652437118
565630287 004652887705
811822118514860203
150254120705 887503 565514 007800705
565004120
118004503 726203 072822221 887120 120203 565514 221414352822
221414333822287 007254463333258822
072822221 887120 120203 565514 221414333822
176652 246811860 565514 221457
565630 726203 333246
565630
860258254600 726821 007630
860258254600 726821 007630
705887120 221800503
150176 221246503120 552822 120258176 565887705
221254287 565887705 258887463
705885 007531652246
007531652246
565004120705 258176120
007203287 525503 565514 120531652514072246503 004652887705
007176
726004 007176
007176 221004221004
705885 007176 221004221004
007531652246
007531652246 221004221004
887287 887120 221004221822 525503 565514 072246503
811258531705 565514 860254120432
565630 726203 333246
705885
007531652246 221226221226
007531652246 221004221004
652531120 565514 860771 120414118 525503 565514 072246503
007531652246 004652887705
007531652246
004652887705 007800 004 726203
004652887705 007800 736 726203
503525120 333514503514 221203 887120
150254120705 887503 565630
150254120705 887503 565630
150254120
652437118
150254120 887287 887120
118004503 726203 333531120 887120
118004503 726203 333531120 007887461
118004503 726203 333531120 007887405
007531652246 004652887705 007531652246
118004503 726203 333531120 007887405
811437652 565887705 254811
176405 705457822 176405 705457822 860885860822
176405 705457822 176 221887221432120 822887463118 565004120 552437221 705118630 726203
176 221887221432120 822887463118 887120 552437221
007531652246
176405 705457822 176 705118630221 726203 176405 258822652822 503176705
726203 552525503514 120254384 405822
120254384 405822
176405 652246503705482
246118885
176050 705457822 004652887705
176405 705457822
176652 811437120 887120 514552885
333437221 860176
887120705 514552885 887120705 514552885
150254120 118004503 726203 221203 552887822 565887705
150254120705 565887705
860652525118
860652525118
887120705 514552885
887120705 514552885
652437118 887120705 246067021 007411
887120705 246067021 007411
007531665246
887120705 514552885
652437118
150254120 514860800120 565514 860652525118705
150254120 514860800120 565514 860652525118705
811822118514860203
726203 118004503120 333531120 405822 118004503 726203
811822118514860203
726203
650254705120 333514503514 822120 565514 118246405 004503221 565004120705 414652
007411
150254120705 565004120
514 221414333822
246811432
565630 736 705246 405531503822 120771287
405525405514 120203 405531503822 120771287
246118885
552254287 565004120 333437221
221203 565822287 705118552822118
503155
565630
860887652221 565531405 254811
246118885
150254120
120885118 565531405 221800503
150254120
726004
150630287 221004221222
221004221822 503525120 007411
221004221822287 503525120 007411
811258887120822 811258887120822
007411
150254120
221004221822
150630 221887221 887120 333246
726203 552525503120 565004120 552254503
221004221822
176652 333246 333531120 726821 860652525118
565887705 887287 514 860652525118
705885
405525405822
861652525118
007411
246118885
503800 150254120
004652887705
258531221822
887287 565887705 514 860652525118
150254120
246118885
007887120 565514 860652525118705
333437221
552885120 514 705531118432221
652531120 405822 333531120 565887705
726821 514 405254463118822
246118885
503800 552885120
652531120 405822 333531120 565531405 860887652120 254811
004652887705
860652525118
860652525118
333531120 565514 860652525118
705885 405525405514
333531120 565514 860652525118
333246 552176652221 004652887705
246118885
246118885
150254120705 565004120 004652887705
150254120705 565004120 514 860652525118
565004120
058004120705 514 120531652514072246503
565004120705 565514 072246503
705885
007531652246
726203 552525503120 120203 705811822118 120203 004652887705
705885 007531652246
150254120705
726203 007004067 120203 120531652 405822
860652525118
726203 552525503120 565514 860652525118705
705885 860652525118
118004503 726203
860652525118
726004 565004120
221004221822 565887705 887287 514 221004221822
708118885
221004221822
246118885
246118885
705885 860652525118
705885 822004463118 726203 072457 514 860652525118
652531120 405822 600246 726203 705254405822887463
652437118
118004503 726203 860258254600 565514 221414333822287 007630
652437118 007800 705414072120
118004503 726203 221203 565004120
552525503120 120203
007411
887287 514 860258254600
860258254600 004652887705887287 007630
887287 565004120 150254120 514 221414333822 705531287
258887405531405860021 150531503 600822503514 705531287
150254120 514 705414072120 411
072822652
150254120705 565004120
007531652246
726531705 565004120705 258176120
565004120705 514 333437221 333016652
552254287 887120 221004221822
004503705021 565514 072246503
004503705021 565514 072246503
007176
007176
126004120756 150254120 652457432 756531287 525503 126514
007176
007203287 565004120
887287 007822 705552822120
118887705887287 525503 726821 072885705
221203 726203 705822 705254405822887463 726203 552525503120
150254120
150254120 221203 726203 552525503120
565887705
565514 860771
565004120
246118885
150254120 514 503176705 007254333 072457 565514 860885860822
072414652 221800503
221203 726203 552525503120 565887705
514 503176705 118887705
822887463118 726203 118514221 860258254600 565514 221525652822287 007630 120203
705652822811822
652437118 726203 118514221 860258254600 565514 221525652822287 007630 120203
457 726821 246503 007630
221203 726203 552525503863 863203 652437118 004863 565514 860437118 514333531503
726203 652437118 004120 887120
887120 705405531652287 333437221 120203
652437118 004652887705
652437118
811822118514860203
811822118514860203
811822118514860203
118004503 726203 221203 565004120
565630287 150254120 705405531652287 333437221
652437118 705405531652
705405531652 333437221
565004120705 514 552887118887221 652004072 726203 405254463118822
652437118 007411287 705254405822887463 120203 120254384
072822652 565004120
150254120705 565004120
565004120705 120203 705822 726821705531652072
652437108 565630 726203 736
565630287 565514 860840860822
333887067 004652887705 514 118887705
726004
246118885
736 726203 652887118887463 887120
726531705
726531705
221254287 565004120 072822652 333437221 120203 726821 120254463
007411
887120705 246118885
565004120 004652887705 887503 565514 811887118384021
333525120 726821 072887463333021287
120887118618 405822
120887118618 405822
120887118618 120887118618 120887118618
150254120053 565004120
565822287 736 221004221822287
004652887705 405525405822 503525118120 565531405 221800503
333514503514 221203
565630
726203 652176118 565514 860652525118705
705885 860652525118705
150254120705 565887705 004652887705
514 860652525118 514 860652525118
652437118 004120 565004120 221525652822
150254120 221203 726203 822887463118 514067 565004120 221525652822
004652887705 118254405 007411
514 860531120021 552254503
552254503 565004120 552887652 072652004811
887503 565514 860258822287
118254405 007411 176 552525503120 726203 120203 705887120 254811 007411 072457 650254705120 514
405887503887120
176 552525503120 120203 600246 726203 705254405822887463
652437118
221203 726203 258887405531405860021 565887705
007411287 514 811254811887120
007531652246 004652887705
007800 736 726203
552525562514 811531120 405822
726203 221246503120 652176118 887120
246118885
118414652 221004221822 525503 565514 120531652514072246503
726203 221203 565004120
565004120705 258176120
503800 811042118 254811 565514 120531652514072246503 004503221 705885 007531652246
007531652246 221004221822
726004
333437221
150254120237 565004120
565004120705 514 652887120618 120771 221525652822
652437118 007822287 333525120 514 287887811021 004652887705
565630 552822 333246
118414652 221004221822
246118885 503800 652437118
565887705 887287 514 287887811021
565887705 287887811021287 514 652887120618 860887120 007736221
726203 552525503514 120258176 842120
726203 120258176 887120
726004
503800 552525384 565887705
118004503 726203 254503120176 565887705
652437118 004120
405525405822287 333514503514 120176 887120
004503221 726203 254503120176 887120
565004120705 258176120
333246 514007531221
811437652 565432705 552254503
503246
503525120 652176118 565004120
726203 652176118 565514 120531652514072246503
150254120705 565004120
150254120705 565004120
565004120
565630 726203 333246
176 860531120 726203 118514221 258004120618 565004120 120885860618 514860800120 531503822 552885 176 811437120 726203
726004 726203 333525120 887120 118887221246
652531120705 705887120 254811 007411
503246 887120 221254287432120
246118885 726203 705887120 565630 004503221 176652 811437120 726821 600203287 860004118 525503
007176 860885860822
333887067 565514 860885860822 514 118887705 726203 552525503120 120203
726203 552525503514 333531120 120203 565822287 120771287 221246503120 726203
652531120705 333531120 221800503 004503221 333531120 120203 565822287 120771287
333246 120203 887120 118887221
652437118 004652887705 258887405531405860021
565887705
150254120705 887503 565630
150254120 887287 887120
726203 503246 514860800120 565004120
150254120 887287 565004120
118004503 726203 811437652 887120 800120
333531120 887120
150254120 887287 887120
150254120705 565004120
150254120 887287 887120
118254405 007411 887287 887120 514 221414333822
150254120705 514 221414333822 705885 004652887705
150254120 221254287 565887705 221414333822 705885
150254120 531652705 221254287 007822 705885
007411287 514 860258254600 072457 007887287 007630
246118117
552525503120 120203 860258254600 887120
652437118
118552004118
887287 887120 333437221 120203 822120 414652 258176120
333887067 565514 221414333822 705514405
860258254600 007887405
726004 007822652 652176118 565004120
736 726203 503525120 333246887463 120203 120414118 004120 414652
176 822887463118 600822 705531221 552254503 552016221
118254405 007411
176652 120531652 726203 525254120
652531120705 652437118 004120 565887705 860437118
652437118 004120 403514 860437118
565630287 514 860254503822 887503 565887705 860437118
503254822887463 726203 118004503 258822652822 120414118 514860800120 565246
120254384 565887705 652437118
705822 007800 887120 887287
705414072120
150630287 565514 860771
811822118514860203
726203 221203 887120
726004
811822118514860203 860771
150630 887287 007822
150630 887287 007822
811822118514860203
150254120 531652705 726203 705822
652437118
514 860771 004503221 514 333016652
176 860531120 726203 118004503 705405531652 565887705 705405531652
552437221 726203 652437118
432437118
565630287 565514 860885860822
221246503120 705405531652 565514 860885860822
652437118 004120 565514 860885860822
652437118 004120
565630287 004652887705
652371120705 705822
072822652 565887705
503800
150254120705 565004120
565004426 860885860822
565630287 565514 860254503822 705652822811887463
503176120 503176120
221004221822
514 118887120822
221203 726203 822887463118 887120705 514 118887120822
726203 118004503 822887463118 887120705 514 118887120822
887287 565004120 514 118887120822
007411 118887120822 118887120822 705652822811887463 118887120822
652437118 726203 118004503 705120887118 726821 072887463333021 887503 565630
705120887118 726821 072887463333021 887503 565004120 007246652 258176120
333437221 333016652
503800 652531120705 705822 150254120705 565514 860885860822 705885887463
860176 860176 004652887705
860176 860176
860176 860176
004652887705
221414333822 333525120 514 118887705 072258514405 726203
150254120 221254287 565514 221414333822 705885 004652887705
118254405 007411
007176 004652887705 007176
726203 258822652822 007885120 565887705 822887463 221246503120 726203
150254120 887287 565887705
552525503514
120254384 887120
552525503514 811437652 007887287 120254463
552525503514 118254405 800120
652437118
726203 118004503 118652246287 565514 221457 525503 007887287 007531221
600822 258822652822 007885120705 887120
246118885 414652 258176120
887120705 414652 258176120
176 811437120 887120 514552885
887120705 414652 333414503
887120705 414652 333414503
565004120705 887503118258531324514860618
176 221246503120 503246 150176 600822 007885120705 887120 705246 405254384
652531120705 811437120 565514 838414333822 887503
333437221 860176
811822118514860203
150254120705 887503 565630
565630287 514 811525118887120
221004221822
457 221414333822
333525120 726821 072887463333021287
120887118618 405822
120887118618 405822
120887118618 120887118618 120887118618
150254120705 565004120
565822287 736 221004221822287
004652887705 405525405822 503525118120 565531405 221800503
333514503514 221203
565630
726203 652176118 565514 860652525118705
503246 150254120
150630287 736 705887705120021 004485887705
150630 221887221 705887705822 333246
887287 600822 333246887463
333246887463 860176 860176
726203 811887118 150887384 120771 726203 652176118
246118885
176 503246 726203 652176118 565514 120531652514830246503
004503221 176 822887463118 726203 652176118 565514 860652525118705
565514 221414333822
176 333525120 514503 176221822514
726821 887503120203 221887705120258254118600432 736503120 726203 004652887705
007411
150254120 221203 726203 552525503120 120203 221203 552887822 565004120
503525118 887120 221800503
176 503203 887120
150254120 887287 565004120
118004503 726203 705885 860652525118
565004120705 514 860652525118
176 333525120 860652525118705 004120 007246405
246118885
726821 705246 503254120705
150254120 221203 726203 552525503120
150630287 565514 221414333822
221800503 007411
414652 333414503
150254120 221203 726203 552525503120
120531652 405822
726821 333514503514 072414652
705887120 221800503
705887120 221800503
565004120705
726004 565004120705 514 333437221 333016652
150254120 221203 726203 552525503120
150254120 221203 726203 552525503120
120531652 405525405822 150254120 726203 552525503120
004652887705 150254120 221203 726203 552525503120
150254120705 565004120
221246503120 120411
246118885 150254120 221203 726203 552525503120
705887120 221800503
705887120 221800503
552531652 726203 600246 405822 150254120 221203 726203 552525503120
150254120 221203 726203 552525503120
726203 118004503 705120004503221 565630
150254120 221203 726203 552525503120
150254120 221203 726203 552525503120
503246 552885
221203 726203 552525503120 565887705
150254120 887287 565004120
552885120 514 405887503887120
176 705414 705254405822887463 726203 503246
565004120705 514 120016120618
652531120705 705822 887072 552822 118004503 072176503221 514 221254118
565630287 514 072887600384
705887120 221800503
705887120
565630287
514 860016221
652437118 004120 565004120 860016221
652437118 004120 565887705
150254120705 565004120 004652887705
887120705 514 811887333822
887120705 514 811887333822
726203 503246 378254120 811887333822 705531287
221246503120 007887120 887120
072021333531120 887120
176 077822 514 860254503822
176 705822 514 860254503822 525503 007411
860254503822
860254503822 457 860652525118 822565021 552254503
150254120705 565004120
150254120 887287 887120
652437118 004120 887120
887287 887120 514 118887120822
887287 887120 514 118887120822
150254120 887287 514 118887120822
246118885
503246
705887120 221800503 004503221 726203
552822652 811652885 514 686885405 552887822 565822287 246118885
176652 811437120 705254405822887463 860887007176503221
705887120 221800503
221800503
552885120 007800 221887221 726203 817531120 705246 118258885287822
705887120 221800503
004652887705 652437118
705887120 221800503
811822118514860203
004652887705 150630287 565514 221414333822
811822118514860203
565885 072531652 221800503 860887118254287 726203 503525118120 565531405 221800503
705887120 221800503
705887120
705887120
414652 333414503
414652 333414503
150254120 221203 726203 552525503120
004652887705 652437118 221800503 565630
120531652 405822 150254120 726203 552525503120
726821 333514503514 072652176
552531652 118652176405 254811
007411 176652 405203067 565822287 246067021
118652176405 254811
565004120705 333437221
565004120705 333437221
565630 600822 887287
525503 405525405822287
652004811
503246 726821 503525120 652822067887463
726203067 333525120 120203 705120885 118652246287
150176 221246503120 552822 118414652 221004221822
652531120705 118414652 007887405 258176120 503800
150254120
246118885
007531652246 652531120705 120414118 120203 221004221822
726531705 004652887705 887287 007411
120531652 221004221822 150254120 726821 221203887463
552885120 514 705531118432221
176652 811437120 264067258822822887463 525503 007411 705246 726203 552246503120 007004067 120203 333264120 221800503 072457 264503822822887463
150254120
007411
726203 552525503120 565514 221414333007800705
652437118
150254120705 887503 565630
552531652 176 221246503120 503246
726203 652437118
221246503120 822258246 887120 221800503
652437118 004652887705
652437118
811258887120531503221
150254120705 887503 565630
176 221246503120 503246
726203 778176503221 800120
887120705 705246 333437221 120203 822120
822120 887120 004503221 333246
246118885 150254120 531652705 887287 887503 565630
600203287
726004 600203287
118004503 726203 705885 600203287
542254120705 565004120
150254120705 565004120
004652887705 150254120705 565004120
726821 333514503514 072414652 525503 726821 007531221
860885860822
860885860822
150254120705 887503 007411
150254120 150254120 150254120
004652887705 600203
565630287 705254405822887463 531652705 565246
176 221246503120 503246 887072 726203 705414 887120
118254405 007411
150254120 887287 565004120
726821 705246 118258885287822
333531120 860004118 887503 007411
150254120 887287 565004120
887287 565887705 514 860414652
726203 552525503120 405822 120203 652822067 726203 514652246503
004405 176 860822887463 405822503 120203 726203
333531120 565514 221414333487
726203 333531120 565514 221414333822
004652887705
652437118 004120 565004120
118254405 007411
565004120705 150176 552822 007004221 726203 258887705120258885503221
176 503203 565630 552254287 514 258822287432
118254405 007411
150254120705 565004120
150254120705 565004120 514 221414333822
150254120705 565004120
652437118
150254120 887287 887120
150254120705 086004120
652437118
150254120 887287 887120
150254120 887287 565004120
150254120705 565004120
887287 565004120 514 221254118
726004
150254120705 565004120
176405 333514503514 705885
150254120705 565004120
221414333822
150254120 221254287 565004120 221414333822 705885
072021333531120 887120
150254120705 565004120
860514652203503
860514652203503
860514652203503
705405531652 565004120
503254822887463
811822118514860203
652437118
150630287 565514 860771
416246503120 811437652 887120 414072
811822118514860203
726203 652176118 565004120
246118885
007203287 565004120
552525503514 652437118 235120 565514 860437118 860885860822
726203 600246 405822 565514 860437118 150075120 221203 726203 705822
514 860254333 726531705
176 705822 514 860254333
150254120 531652705 221203 726203 705822
514 860652525118 726004 514 860254333 887287 525503 514 860652525118
860652525118
150254120 887287 565004120
887120 887287 514 118887120822
004503221 150254120705 565004120
118552004118
503246 565004120705 503525120 514 118887120822
118552004118 118552004118 150254120 887287 887120
887120705 514 221254118
887120705 514 221254118
652531120705 652437118 004120 705514405 405457 514067 565887705 860437118
176 822887463118 887120705 514 811258887120822 552254503
150254120705 565887705
221414333822
221203 565885
150254120 221203 565885 007004067 887503 565630 405800565287
705822 565004120 258176120 565630
150254120 887287 565004120 887503 565630 405800822
514 860771
150254120705 887503 007887287 007004503221
887120705 503525120 726821287
887287 887120 726821287
726203 552525503120 120203 405885118 887120
552525503514 120885118 887120
887120705 514 007004120
072457 007887287 007630
887120705 514 007004120
600203287
600203287
324203287 652176118 004652887705 007004287
600203287
176 552525503120 565887705
007411287 007887287 600203287 004503221 565531503 007887287
150254120
705525118705
705525118
004503221 652437118 004120 150254120 565514 118887120822287 811652885887463 552887822
887287 565004120 726821 118887120822
405525405822
405122405822287 007411
726203 652176118 405525405822287 811258887120822 726004
150254120705 565004120
860254120021072652176
860254333
860254828
004503221 150254120705 565004120
072457 650203705
150254120705 565887705
726203 503246 565004120 552016221
150254120 887287 565004120
705887120
887503 150254241
887503 514 384630
726203 705531221 384630 860887072457
384630
384630
067630822 333437221
384630
860514652203503
652525120705 514067 860514652203503287
004503221 150254120705 565887705 258176120 007411
118254405 007411
150254120 221254287 565887705 705885
887120705 514 384887118
246118885 887120705 514 384887118
072652800021287
634203 552525503120 120203 705405531652 565531405
221203 565885 705405531652
736 565246287 072457 405525405822
176 705822 221736652887463
221887221 726203 118800503120 414652 514067 565531405
565004120705 514 118887120822
552525503514 652437118 004120 514503254565021 860437118
565887705 887287 514 120254384887463 860437118
514 860771
887120705 514 860254503822
860254503822
072822652 860254503822
652437118
565630287 004652887705
811822118514860203
150254120705 887503 565514 007800705
726203 405822503 860887652
860414652
007822 221887221 007004067 514 860414652 860514120 887120 552254287 525503 007887287 860004118
004503221 565630287 514 860771 552887822 007887287
552525503120 705254405822887463 531652705
176 552525503120 120203 333887067 726203 514 118887705 004652887705
150254120 514860800120 565887705
726203 552525503120 120203 705822 565004120
726203 552525503120 007887405 120203 860176120
565004120705 150630 565004120 552016221 118885405 072258514405
887072 811254811822 860176120705 811254811822 333212120705 705811004463118120
176 503246 150254120 552822 118004503 221203
503246
246118885
552525503120
726203 118004503 246811432 887120 887072 726203 552525503120
726203 552525503120 405822 120203 120885118 405176 007004503221 800120
176652 120885118 405176 007004503335 800120
726203 118004503 246811432 004503221 118652246287 887120 887072 726203 552887600
887120 118004503120 405203067
405525405822 221254287432120 007004067 007016 007004503221 887503 565630
811246118
887120 552246503120 860176120 726203
405525405822 221254287432120 007185067 007016 007185503221 887503 887120
726203 118004503 705811004463118 887120 887072 887120 860176120705 726203
552525503514 118652246287 887120
246118885
552254287 726821 072887463333021 887503 565630
246118885
887120705 503176705 887287432120 887120
726203 118652246287221 887120705 120254463 887503 565514 221457
150630287 726821 120254463
652531120 405822 705822
565004120705 258176120
652437118
726004
150630287 887120705 503246287
565630287 887120705 120254463
726203 118004503 118652246287 887120
118652246287 887120 221800503
153531652 153822 007004067
246811432 887120 514 652887120618 860887120
150254120
176 705822 726203
552885120 652531120705 221246503120 118652246287 565514 120254463 118482811652822120652822 800120
118176503221 514067 652203705
221203 726203 552525503514 811060120 726821 007004503221 887503 565630
652437118 004120 565004120 004652887705
652437118 004120 150254120 726203 118004503 221203
726004
652437118 887503 565630
004503221 705822 726203 405885118 007887405 405203067 150531503 726203 221203 565004120
887287432120 565004120 887503120258514705120887463
726203 174525503120 007887405 120203 860176120
118004503 726203 405885118 007887405 860176120
007411
405885118 007887405 860176120 405525405822
726203 705120887118 726821 007004503221 887503 565630
726203 822887463118 007822652 860176120 405525405822
860176120
860176120
552885120
221246503120 811437652 887120
652531120705 811437652 887120 221800503 652176118 565004120
246118885
503246
860176120
007887287 811821 120254463
652531120705 705120254072 007887287 120254463 887503 565630
246118885
565630
333437221 333016652
726821 067630701 118630072618
552531652 565887705 118176503221 514067 860176120705 120203 221254287432120 887120
705822 565887705 860176120705 221800503
384414405811
503254822887463 800120 565630287
887503120258514705120887463
652437118
007531652246 004652887705
405146 503885405 887287
150254120 887287 007887287 503885405
221367811021 221367503
221004811021
811437120 726821 705514705811531503577021 525503
860254120432
860254120432
860254120432
503800
552822652 650254705120 811437120 007887405 246067021 565630 072457 514 405887503887120 246118885
405885860822 221004811021 221004503 552525503120705 120203 333246 887503 565630 150254120 221203 726203 822887463118
600437221 176 811437120 221004811021 221004503 887503 565630 552887822 565514 652176432
887503 552887822 565514 221258004333432
652531120705 705822 887072 565885 552525503120 120203 811652885
007176 221004811021 221004503
007531652246 221258004333432
726203 552525503514 118887705
652437118 405176 120822822
652437118 405176 120254463 176 333887067 726203 514 118887705
246118885
246118885
176 552246503120 405885118 007887405 118254405 800120 822258203 565514 860736287
176405 705457822
007531652246 176405 072258531503221652822
176405 503176705
150630287 405176 120254463
150630287 405176 004811618
007822287 514 405800705
007822287 822120887463 811736120 514067 565514
552541120 514 405887503887120
705887120 221800503
811887118 705254405504887463
150254120 221203 726203 552525503120
860652525118705 004503221 860437118705
552525528120 565514 254565021 860652525118705
652262118
150254120705 565004120
150601120705 565004120 705885
652176118
650254705120 652176118 726821 258531221 600442287
565514 120531652514072246503
887120705 221004221822
120531652 007887405 150254120 726203 221203887463
726203 503822221 705514405 705811885705 565630
246118885
503800 726203067 333525120 514 333437221 705811885705
007531652246
007203287 565887705
007176 736 726203 221004221004 457 736 726203 120414118887463 120203 221004221004
503246
887287 887120 405525405822
246118885
176272 032414118 525503 405176 032531272514072246503
007426652246 004652887705
221203 726203 552525503120 120203 333246 705552887405887463 150531503 552822 333531120 007246405
503246
726203 221203 120203
860176
705822 007203287 525503 565514 120531652514072246503
007531652246
150254120 514860800120 221004221004
221004221004 552525503120705 120728 811652885 552887822 565514 860652525118705
221004221004 860176
221004221004 887287 860176 726531705
007822287 004120 552016118
221004221004 887287 860176 860176
860176 221004221004 072736 514552885
333514503514 822120 565514 072246503
004652887705
652437760 150254120 176 705414
004811618
726004
176 118514221432120 860887652822067 887120 565887705 887287 514 503203 860437118 887287432120 887120
726203 503246 565004120 552254503
384630 726004
007176
705246 811258887120822 004503221 705414072120
726004 007411 736 565514 072652800021287
118822
726004
651503221 565630
565630287 457887503650
457887503650 004503221 565630 736 726821 600203287
007176
860437118
726203 552525503514 705822 514 503203 860437118
176 822887463118 176 503246 565004120 565887705 552254503287
503203
552525503514 652437118 004120 565887705 860437118
246118885
150254120 221203 726203 705822
007885 176 705822 514 120531652514072246503 176 822887463118
726004
705885405
652437118 150254120 565004120 860771 305004287
150254120705 565004120 258176120 565630
221246503120 118652525860021 565514 860771
007176
007176
565004120705 150254120 652457432 705531287 525503 565514
007176
007203287 565004120
887287 007822 705552822120
118887705887287 525503 726821 072885705
221203 726203 705822 705254405822887463 726203 552525503120
150254120
150254120 221203 726203 552525083120
565887705
565514 860771
565004120
161176
822120887463
176 118514221 333246 072457 565004120
150254120
565514 860652525118
221887221 565514 860652525118 333246
726004
565630287 565514 860652525118
405525405822 552887652 333531120 887120 072457 726203
652531120705 705822 150254120 531652705 552822 007004067 887503 565887705 860437118
176 705822 120203 822887463287 726203 503246 887503 565887705
118887120822 004503221 150254120 514860800120 565887705
150254120705 565004120
514 118887120822
221203 726203 503246 150254120 565887705 887287
887120705 503525120 150254120 176 822414120 887120 552254287
176 822414120 887120 552254287 176705 118258822405
120531652 150254120 176067 333525120 525503 344514 860258885503
565004120 887287 514 118887120822287 072885705
221203 726203 503246 150254120 565887705 887287
565004120 652437118705 650254705120 652176118 650887503650021287 072885705 221254287432120 887120
150254120 221203 175203 822887463118 565004120 004503514405618 652437118705
650822650822 726004
650822650822287 405800822
150254120705 565004120
221203 726203 503246 150254120 565004120 887287
118004503 726203 652437118 004120 565004120 004503221 120531652 150254120 565004120 887287
150254120 887287 565004120 258176120 565630
514 503246287
887120 887287 514 118800287 503246287
258176120 565630 887287 514 118800287 503246287
333437221 333016652
176 221246503120 822887463118 726203 503246 531503822 514067 565246287 822887463287
